ID	Easting	Northing	Habitat	Daily_movement_rate(km/day)	Turning_angle	dist_water	dist_swamp	dist_otw	dist_openfor	dist_ntw	dist_mixfor	dist_devel	dist_ddf	dist_conifer	dist_alvar
elk-115	769928	4992847	13	6.01	NA	200	37311.33	1119.43	6013.01	8890.23	25	10552.31	0	275	65454.02
elk-115	766875	4997444	13	1.42	-0.13	600.52	42503.42	1735.66	1327.12	12072.33	35.36	6973.16	0	201.56	70333.45
elk-115	765949	4998516	13	0.24	-2.38	561.81	43775.98	1691.89	673.15	13008.58	50	5621	0	548.29	71502.91
elk-115	765938	4998276.5	13	0.43	-0.94	550	43561.11	1491.01	863.5	12782.43	125	5826.93	0	400	71279.82
elk-115	766275	4998005	17	0.1	-1.14	302.08	43200.59	1491.64	1015.2	12542.38	0	6215.5	55.9	167.71	70961.42
elk-115	766368	4998051	16	12.43	0.97	213.6	43234.39	1581.34	1105.1	12605.58	0	6194.4	55.9	79.06	71007.18
elk-115	777208	4991996	16	0.52	2.69	571.18	35507.4	661.91	509.9	10722.06	0	14127.65	125	728.01	64371.45
elk-115	776684	4992027	19	0.31	-3.09	491.17	35575.56	134.63	745.82	11012.78	0	14067.54	125	371.65	64395.85
elk-115	776991	4991991.5	13	0.31	3.07	660.49	35528.52	436.61	575.54	10837.95	25	14092.57	0	583.63	64374.26
elk-115	776682	4992006	19	0.68	-2.93	515.39	35550.56	145.77	761.99	10990.37	0	14043.24	125	395.28	64370.96
elk-115	777343	4991828	19	0.75	-2.61	515.39	35335.23	831.04	654.31	10511.48	0	13994.04	25	840.39	64209.95
elk-115	776773	4992405	17	1.88	-2.36	212.13	35951.47	353.55	447.21	11297.12	0	14461.44	160.08	250	64780.79
elk-115	776765	4990679.5	17	0.75	-2.43	247.49	34225.45	447.21	1648.1	9829.8	0	12752.7	125	325	63049.32
elk-115	777261	4991248	13	0.54	-0.69	250	34757.56	996.24	1241.22	10041.17	103.08	13407.2	0	955.25	63625.23
elk-115	777278	4991787	13	0.86	-0.24	527.38	35308.51	771.77	691.47	10519.03	35.36	13949.04	0	919.24	64177.47
elk-115	777089	4992698	17	0.69	-2.96	347.31	36230.83	778.62	50	11417.37	0	14807.71	125	55.9	65085.51
elk-115	777103	4992069	16	0.6	-2.23	555.09	35580.49	552.27	469.71	10831.35	0	14173.26	79.06	632.95	64436.18
elk-115	777569	4992444.5	17	0.93	2.7	90.14	35941.84	1049.4	150	10970.47	0	14640.38	106.07	500.62	64832.6
elk-115	777161	4991608	13	0.79	-3.12	477.62	35131.02	760.35	892.33	10412.07	25	13746.39	0	850	63990.84
elk-115	777521	4992315	13	0.5	-2.17	223.61	35815.39	980.11	201.56	10872.47	25	14506.29	0	550	64703.05
elk-115	777023	4992250.5	13	0.32	-0.03	471.7	35779.23	480.88	353.55	11044.51	25	14347.06	0	425.73	64627.92
elk-115	776703	4992200.5	16	0.66	-1.44	335.41	35750.71	158.11	626.5	11159.08	0	14243.53	100	230.49	64572.41
elk-115	776716	4991541	16	0.24	0.1	257.39	35100.57	403.11	1095.73	10588.26	0	13606.25	90.14	400.78	63922.86
elk-115	776697	4991300	17	0.41	-2.84	150	34850.32	530.33	1333.46	10389.72	0	13351.59	158.11	375	63669.32
elk-115	776852	4991682.5	16	0.43	-1.67	450.69	35226.74	447.21	908.98	10632.56	0	13764.38	75	559.02	64061.32
elk-115	776404	4991815	11	0.79	1.69	375.83	35375.08	0	1105.1	10970.67	25	13804.91	285.04	235.85	64169.82
elk-115	776689	4992477	17	0.21	-1.87	90.14	36025.7	357.95	506.21	11407.37	0	14511.07	250	167.71	64846.25
elk-115	776482	4992499	1	0.54	0.95	0	36050.01	325	691.47	11516.29	25	14490.97	424.26	35.36	64853.18
elk-115	776220	4992966	17	0.24	-2.46	257.39	36550.42	848.9	925.34	12064.33	0	14934.27	412.31	500	65331.92
elk-115	776179	4992733.5	17	0.82	-1.04	176.78	36325.7	650	951.31	11884.71	0	14703.85	371.65	279.51	65103.52
elk-115	776803	4992201	13	0.45	-0.15	380.79	35751.48	254.95	540.83	11115.98	25	14267.2	0	305.16	64581.66
elk-115	777215	4991944	16	0.76	1.92	617.45	35457.41	673.15	559.02	10676.38	0	14079.53	75	776.21	64321.7
elk-115	776667	4991518.5	16	0.8	2.32	201.56	35075.32	375	1145.1	10588.94	0	13569.93	127.48	353.55	63893.38
elk-115	776743	4992377	17	1.31	2.72	201.56	35926.05	301.04	503.12	11295.6	0	14425.37	167.71	200	64751.27
elk-115	777165	4991140.5	16	1.17	-3.08	160.08	34655.2	848.9	1364.28	10006.4	0	13276.01	50	848.9	63513.23
elk-115	776851	4992271	16	0.19	1.06	360.56	35801.96	316.23	471.7	11140.02	0	14327.79	25	325	64636.12
elk-115	776984	4992404	16	0.29	2.95	391.31	35928.84	503.12	279.51	11191.65	0	14485.9	25	275	64774.81
elk-115	776822	4992164	16	0.5	-2.98	436.61	35701.71	275	550.57	11060.09	0	14224.71	25	355.32	64534.21
elk-115	777162	4992526	13	0.03	-0.03	250	36031.8	704.45	79.06	11213.66	35.36	14627.22	0	235.85	64891.38
elk-115	777185	4992552	16	0.63	-3.02	225	36057.29	738.24	50	11226.98	0	14657.87	25	230.49	64918.72
elk-115	776718	4992135	16	0.68	2.72	403.89	35675.71	150	665.68	11091.58	0	14170.61	125	291.55	64497.72
elk-115	777094	4992966.5	17	0.04	2.85	412.31	36481.25	980.11	201.56	11638.75	0	15055.94	313.25	125	65336.75
elk-115	777088	4992922.5	17	0.71	-0.67	403.11	36431.25	941.08	152.07	11592.48	0	15007.54	325	103.08	65286.99
elk-115	777269	4992616	20	0.25	1.54	145.77	36134.42	862.05	0	11258.03	50	14756.57	106.07	257.39	65003.32
elk-115	777061	4992485	13	0.78	1.04	350.89	36005	604.67	182	11230.12	75	14577.38	0	213.6	64856.71
elk-115	776142	4992962.5	17	1.52	-2.97	195.26	36550.86	869.63	985.2	12097.31	0	14919.89	340.04	505.59	65325.65
elk-115	776946	4992350	16	0.08	-0.82	375	35878.14	436.61	347.31	11166.5	0	14425.02	25	328.82	64720.25
elk-115	777029	4992364.5	16	0.51	-2.78	403.89	35879.61	529.74	265.75	11125.67	0	14450.13	25	328.82	64729.87
elk-115	776523	4992459	17	0.78	2.24	25	36025.08	304.14	649.04	11471.95	0	14477.44	371.65	55.9	64832.72
elk-115	777113	4992976.5	17	0.37	-1.68	443	36506.71	1015.2	225	11652.49	0	15086.42	325	160.08	65364.08
elk-115	776837	4993230	14	0.26	0.39	378.32	36777.46	1123.61	348.21	12011.58	55.9	15286.96	25	0	65611.52
elk-115	776709	4993501	17	1.12	-2.42	158.11	37051.43	1358.54	213.6	12303.86	0	15532.33	50	125	65876.1
elk-115	776399	4992429	14	0.1	2.82	70.71	36000.01	279.51	776.21	11504.59	25	14426.1	450.69	0	64796.8
elk-115	776396	4992511	1	0.09	-0.55	0	36075.01	353.55	760.35	11571.79	25	14499.42	496.24	70.71	64871.51
elk-115	776335	4992602	17	0.21	2.35	50	36175.08	460.98	800.39	11683.59	0	14586.83	570.64	150	64966.8
elk-115	776507	4992569	1	0.13	1.88	0	36125.04	400.78	654.31	11572.87	90.14	14569.6	431.57	111.8	64930.1
elk-115	776447	4992458.5	14	0.59	1.59	25	36025	300	721.54	11504.84	25	14461.18	425.73	0	64826.08
elk-115	775931	4992751.5	16	0.46	1.98	50	36352.2	800.39	1202.34	12020.04	0	14682.05	141.42	378.32	65107.99
elk-115	776295	4993025	17	0.16	-3.14	247.49	36600.14	883.88	835.54	12076.84	0	14998.02	369.12	485.41	65388.1
elk-115	776165	4992927.5	17	0.12	1.34	247.49	36500.7	814.32	976.28	12041.41	0	14875.57	353.55	452.77	65277.91
elk-115	776072	4993004.5	17	0.21	-2.82	106.07	36601.44	942.4	1020.42	12175.41	0	14955.02	276.13	570.09	65369.3
elk-115	776184	4992825.5	16	1.96	0.09	201.56	36400.7	719.81	958.19	11951.8	0	14777.43	353.55	353.55	65178.25
elk-115	777064	4991072.5	17	2.58	-2.84	75	34603.61	740.35	1437.23	10006.56	0	13200.38	158.11	766.89	63453.63
elk-115	776652	4993622	16	0.07	1.27	25	37176.02	1471.39	254.95	12438.47	0	15643.41	100	25	65996.03
elk-115	776719	4993655.5	14	0.41	0.19	75	37201.64	1510.38	190.39	12432.84	25	15684.15	145.77	0	66027.76
elk-115	777113	4993766	17	2.4	1.72	225	37282.54	1711.18	134.63	12356.63	0	15610.99	431.57	190.39	66140.25
elk-115	777417	4991386	13	1.05	2.86	141.42	34885.98	1076.16	1101.14	10090.62	35.36	13570.23	0	886	63764.89
elk-115	777002	4992350.5	16	1.12	-3.13	416.08	35878.84	482.83	305.16	11145.99	0	14437.49	25	325	64725.04
elk-115	777428	4991319.5	13	0.02	0.78	111.8	34835.99	1102.55	1151.09	10045.18	25	13522.44	0	873.21	63715.16
elk-115	777422	4991305	13	0.29	0.96	103.08	34811	1116.36	1176.06	10022.47	25	13498.54	0	867.83	63690.29
elk-115	777139	4991241	16	6.81	0.39	226.38	34755.18	877.85	1267.38	10095.95	0	13372.08	25	831.04	63612.73
elk-115	770419	4992371	13	7.75	0.83	111.8	36727.32	500	6592.8	8789.8	150	11171.42	0	437.32	64925.58
elk-115	766185	4998858	13	0.46	-1.68	442.3	44043.2	2101.34	650	13369.98	100	5403.93	0	583.63	71812.88
elk-115	765829	4998566	16	0.67	-1.38	701.78	43875.39	1690.04	548.29	13063.91	0	5510.73	55.9	693.27	71585.35
elk-115	766146	4997978	17	0.24	-2.19	450.69	43206.84	1362.21	884.59	12490.82	0	6190.16	35.36	167.71	70945.02
elk-115	766270	4998230	13	0.27	2.75	230.49	43420.92	1644.12	1090.01	12763.55	145.77	6004.22	0	167.71	71186.07
elk-115	766255	4998004.5	16	0.04	-2.79	325	43205.67	1472.46	995.62	12537.77	0	6207.1	35.36	190.39	70962.83
elk-115	766272	4998042.5	16	0.02	-0.02	309.23	43254.63	1505.2	1027.74	12586.92	0	6160	25	176.78	71012.74
elk-115	766280	4998061.5	16	0.01	-2.57	285.04	43249.54	1523.98	1046.72	12591.51	0	6168.47	35.36	152.07	71011.34
elk-115	766272	4998056	16	0.02	-1.8	285.04	43249.54	1523.98	1046.72	12591.51	0	6168.47	35.36	152.07	71011.34
elk-115	766290	4998039.5	16	0.01	2.6	292.62	43225.07	1507.69	1030.78	12566.95	0	6191.98	50	158.11	70986.38
elk-115	766285	4998040.5	16	1.89	0.93	285.04	43249.54	1523.98	1046.72	12591.51	0	6168.47	35.36	152.07	71011.34
elk-115	765475	4999743	18	9.38	2.59	625.5	45101.14	2150.15	50	13874.62	0	4293.38	206.16	285.04	72798.66
elk-115	777267	4992071	16	1.09	-2.15	482.83	35583.44	701.78	427.2	10770.59	0	14213.42	79.06	673.15	64451.08
elk-115	777265	4992619	20	0.06	-0.14	145.77	36134.42	862.05	0	11258.03	50	14756.57	106.07	257.39	65003.32
elk-115	777256	4992681.5	17	0.87	-0.21	176.78	36184.41	887.76	25	11304.34	0	14804.77	145.77	237.17	65053.07
elk-115	776953	4993502.5	18	0.91	-3.14	134.63	37029.46	1411.56	75	12186.29	0	15565.07	285.04	223.61	65874.55
elk-115	777268	4992645.5	20	1.07	0.31	160.08	36159.41	874.64	0	11281.18	25	14780.67	125	246.22	65028.19
elk-115	777316	4991576	13	1.63	2.91	336.34	35084.12	910.01	908.64	10303.7	75	13740.11	0	1001.25	63956.16
elk-115	776726	4993671.5	14	0.42	1.13	75	37201.64	1510.38	190.39	12432.84	25	15684.15	145.77	0	66027.76
elk-115	777043	4993948	16	1.56	2.47	213.6	37456.54	1852.36	176.78	12538.07	0	15728.72	251.25	75	66309.58
elk-115	776766	4992417	17	2.95	2.99	195.26	35951.25	336.34	469.71	11307.66	0	14455.54	176.78	225	64778.47
elk-115	776833	4994890.5	16	0.65	-0.64	794.51	38428.94	2040.83	111.8	13505.6	0	15739	35.36	471.7	67265.98
elk-115	776523	4995333	16	0.08	-1.45	800.39	38875.97	2112.02	235.85	14022.15	0	15245.84	200	548.29	67689.23
elk-115	776456	4995297.5	16	0.66	-1.83	735.27	38850.52	2191.03	313.25	14024.55	0	15201.67	175	618.97	67657.74
elk-115	776902	4994814	13	2.84	0.65	853.3	38330.1	2031.78	134.63	13386.3	55.9	15859.8	0	371.65	67173.45
elk-115	777179	4991985	16	0.62	3.12	592.66	35506.42	612.88	522.02	10742.44	0	14114.2	125	715.89	64366.48
elk-115	777105	4992600.5	16	0.54	-2.88	309.23	36130.85	715.02	79.06	11325.25	0	14710.99	25	125	64985.98
elk-115	777028	4992069.5	13	3.21	2.84	583.63	35604.25	475.66	485.41	10885.11	25	14177.89	0	575.54	64453.74
elk-115	776527	4995235.5	18	0.03	1.16	725	38775.98	2142.57	301.04	13928.23	0	15306.88	100	577.17	67589.62
elk-115	776565	4995259.5	18	15.98	-2.31	777.82	38801.36	2087.16	247.49	13934.58	0	15331.18	125	575.54	67618.95
elk-115	766301	4998105.5	13	0.11	-1.38	251.25	43293.45	1575.79	1098.29	12645.28	35.36	6130.1	0	125	71059.87
elk-115	766260	4998022	16	2.25	1.92	316.23	43230.15	1488.71	1011.5	12562.34	0	6183.55	25	182	70987.78
elk-115	764694	4999644	17	0.05	-0.46	125	45226.82	2632.61	200	14100.64	0	4147.36	247.49	538.52	72804.27
elk-115	764651	4999659.5	17	0.04	-1.68	100	45256.84	2659.53	175	14124.12	0	4118.94	282.84	553.4	72831.08
elk-115	764641	4999617.5	17	0	2.44	150	45213.83	2611.99	201.56	14072.76	0	4164.88	251.25	594.24	72783.11
elk-115	764639	4999621.5	17	0.44	-2.02	150	45213.83	2611.99	201.56	14072.76	0	4164.88	251.25	594.24	72783.11
elk-115	764372	4999275	17	0.17	-2.83	525.59	44967.21	2340.54	538.52	13734.1	0	4458.49	50	656.22	72482.43
elk-115	764511	4999371	17	0.22	-1.13	382.43	45029.35	2408.45	403.11	13840.27	0	4370.71	90.14	831.04	72570.27
elk-115	764469	4999629	16	0.09	-1.58	160.08	45278.34	2659.18	167.71	14088.87	0	4119.47	90.14	749.17	72821.46
elk-115	764396	4999616.5	16	0.17	-2.78	215.06	45295.75	2672.19	190.39	14085.74	0	4112.86	35.36	813.17	72827.34
elk-115	764564	4999584	17	1.29	2.08	175	45206.64	2595.43	201.56	14043.73	0	4180.01	175	673.15	72763.88
elk-115	763731	4998600.5	19	0.11	-1.1	675.46	44526.19	2001.41	35.36	13100.6	0	4563.24	437.32	141.42	71917.08
elk-115	763772	4998502.5	19	4.25	0.63	630.97	44423.11	1923.05	35.36	13000.38	0	4539.27	371.65	230.49	71815.23
elk-115	762768	4994377.5	1	1.96	-0.56	0	40921.94	715.89	1744.28	9083.54	25	3349.07	316.23	670.82	67943.45
elk-115	763383	4992511	17	3.88	1.53	527.38	38968.04	206.16	2392.96	7135.21	0	4976.51	336.34	581.49	66002.16
elk-115	759748	4991166	16	9.5	2.44	530.33	39291.74	275	250	7590.95	0	4814.63	200	195.26	65455.91
elk-115	764441	4999431.5	17	0.19	-2.21	325	45113.92	2490.98	340.04	13912.94	0	4291.42	25	816.24	72648.95
elk-115	764251	4999408.5	13	0.5	2.94	355.32	45136.6	2510.6	437.32	13880.76	25	4303.56	0	630.97	72640
elk-115	764722	4999565.5	17	1.81	1.08	201.56	45148.1	2556	275	14027.32	0	4225.3	180.28	548.86	72727.62
elk-115	766247	4998110	13	2.98	2.97	301.04	43303.58	1538.87	1061.25	12636.08	35.36	6112.95	0	175	71062.66
elk-115	764179	4999482	16	1	-1.71	250	45227.27	2603	416.08	13953.79	0	4226.18	70.71	618.97	72720.88
elk-115	763745	4998578	19	0.98	3.12	675.46	44526.19	2001.41	35.36	13100.6	0	4563.24	437.32	141.42	71917.08
elk-115	764152	4999469.5	16	1.92	2.93	230.49	45233.23	2610.08	430.12	13953.23	0	4225.67	90.14	601.04	72722.94
elk-115	763748	4997590	16	0.92	2.89	237.17	43572.48	1131.92	79.06	12101.27	0	4138.01	215.06	100	70925.78
elk-115	763709	4998508	19	0.03	1.72	626.5	44459.98	1923.05	35.36	13025.86	0	4506.18	360.56	176.78	71844.64
elk-115	763737	4998505	19	7.05	0.65	638.85	44453.63	1934.23	25	13025.6	0	4528.38	375	195.26	71842.38
elk-115	770538	4992019	13	4.65	1	125	36366.9	167.71	6543.13	8609.04	246.22	11407.37	0	279.51	64575.24
elk-115	769955	4988975.5	13	7.29	2.57	25	33530.44	807.77	7084.67	6105.84	134.63	10996.28	0	70.71	61583.12
elk-115	766289	4997970.5	17	3.87	-0.98	313.25	43176.11	1475.85	1000	12517.81	0	6239.04	70.71	180.28	70936.46
elk-115	763766	4998503.5	19	3.67	-1.36	630.97	44423.11	1923.05	35.36	13000.38	0	4539.27	371.65	230.49	71815.23
elk-115	762262	4995155	17	3.79	3.13	79.06	41821.79	845.95	1457.74	9948.52	0	2560.4	75	460.98	68790.48
elk-115	763765	4998633.5	19	7.9	1.23	625	44568.24	2057.3	25	13150.38	0	4608.96	403.11	125	71964.63
elk-115	772959	4997988	17	0.21	1.51	749.17	41853.98	575.54	925	14151.41	0	10811.34	125	691.47	70398.95
elk-115	772958	4997778.5	16	0.21	-3.12	657.65	41630.55	800	1150	14376.76	0	10925.03	70.71	831.04	70173.18
elk-115	772963	4997990	17	0.67	-2.16	749.17	41853.98	575.54	925	14151.41	0	10811.34	125	691.47	70398.95
elk-115	772494	4997692.5	16	2.09	-0.25	206.16	41606.32	961.77	1261.2	14340.59	0	10600.29	50	406.97	70107.98
elk-115	770814	4995925	13	3.25	2.95	309.23	40144.62	1985.1	3020.97	11960.82	79.06	10472.11	0	158.11	68450.77
elk-115	772564	4998667	14	0.71	2.16	103.08	42572	300	305.16	13461.24	50	10123.36	158.11	0	71086.41
elk-115	772899	4997906	16	0.47	2.02	650	41782.96	651.92	1001.25	14227.66	0	10795.2	176.78	691.47	70321.25
elk-115	772584	4997916.5	16	0.21	-1.07	406.97	41824.79	716.33	1019.8	14211.64	0	10540.43	55.9	443	70336
elk-115	772458	4997704.5	16	0.13	0.42	167.71	41634.42	964.69	1250	14331.19	0	10545.64	55.9	353.55	70131.45
elk-115	772368	4997641	19	1.03	0.8	55.9	41591.02	1060.95	1328.53	14231.94	0	10499.43	25	269.26	70078.55
elk-115	771189	4997859.5	16	1.45	-3.12	279.51	41981.54	1826.37	1075	13844.52	0	9432.56	195.26	230.49	70355.13
elk-115	772369	4997614	13	0.01	2.47	50	41566.07	1081.67	1352.08	14211.7	25	10515.29	0	279.51	70053.55
elk-115	772361	4997610	13	0.64	3.02	55.9	41541.13	1102.55	1375.68	14191.48	35.36	10531.17	0	291.55	70028.56
elk-115	772806	4997906.5	17	0.46	-2.84	581.49	41786.98	661.91	1007.78	14229.3	0	10735.02	176.78	645.17	70318.57
elk-115	772366	4997775	19	0.17	-1.41	167.71	41714.1	945.05	1202.6	14347.32	0	10440.22	25	275	70204.21
elk-115	772388	4997602.5	13	0.36	2.72	79.06	41539.48	1089.15	1367.71	14206.21	25	10550.47	0	313.25	70029.28
elk-115	772197	4997912	16	0.17	-1.78	226.38	41875.54	957.21	1144.83	14208.49	0	10209.86	141.42	70.71	70349.33
elk-115	772074	4997794.5	14	0.22	-1.79	145.77	41784.64	1117.2	1296.63	14216.03	25	10175.86	250	0	70246.18
elk-115	772257	4997672	16	1.43	-1.77	25	41622.69	1101.14	1342.8	14193.84	0	10406.31	90.14	167.71	70100.75
elk-115	772893	4999213	17	1.46	-3.05	515.39	43076.22	309.23	145.77	12926.18	0	10162	254.95	230.49	71624.04
elk-115	772211	4997918	16	0.28	-2.94	230.49	41873.81	938.42	1131.92	14206.8	0	10229.4	125	90.14	70349.99
elk-115	772361	4998099.5	16	0.44	-1.88	375	42038.41	710.63	905.88	14022.84	0	10240.24	55.9	206.16	70529.08
elk-115	771950	4998266	14	0.4	-2.55	391.31	42263.84	958.19	877.85	13849.93	50	9820.93	160.08	0	70719.25
elk-115	772175	4997935.5	16	0.13	-0.38	251.25	41900.48	941.08	1123.61	14183.55	0	10194.27	125	55.9	70374.32
elk-115	772281	4997863.5	16	0.55	-0.3	213.6	41818.84	919.24	1140.45	14251.89	0	10319.22	50	180.28	70302.05
elk-115	772808	4997701.5	16	1.13	-1.86	502.49	41588.65	863.13	1209.34	14429.87	0	10836.11	55.9	704.01	70117.81
elk-115	772823	4999023	20	1.75	-2.75	391.31	42880.2	100	0	13127.38	70.71	10200.28	301.04	158.11	71421.44
elk-115	772256	4997677	16	0.8	-2.48	25	41622.69	1101.14	1342.8	14193.84	0	10406.31	90.14	167.71	70100.75
elk-115	772953	4998067.5	16	0.61	-3.11	710.63	41928.88	500.62	850	14076.42	0	10767.46	145.77	645.17	70473.91
elk-115	772237	4997692	16	1.14	1.07	25	41649.35	1098.29	1330.65	14199.69	0	10371.11	125	134.63	70125.07
elk-115	771602	4998112	17	0.51	-0.52	630.97	42168.43	1353.01	929.05	14011	0	9606.02	201.56	348.21	70586.52
elk-115	771097	4998142.5	16	0.6	3.02	134.63	42262.35	1806.24	803.51	14025.62	0	9193.24	195.26	275	70629.25
elk-115	771691	4998181.5	17	0.35	-2.84	654.31	42210.14	1243.23	900.35	13950.56	0	9651.72	127.48	237.17	70638.38
elk-115	771291	4998279.5	19	0.2	2.99	313.25	42368.51	1612.45	679.15	13873.9	0	9263.5	35.36	254.95	70756.72
elk-115	771488	4998261	19	0.09	2	450.69	42326.25	1417.97	752.08	13873.47	0	9433.48	145.77	371.65	70734.76
elk-115	771444	4998185	17	0.91	-1.73	475.66	42255.78	1480.71	807	13953.94	0	9442.72	212.13	403.11	70658.95
elk-115	772157	4997914	16	0.83	-3.09	225	41877.28	976.28	1158.12	14210.23	0	10190.34	160.08	50	70348.68
elk-115	771273	4998303.5	19	0.77	2.84	291.55	42393.41	1604.88	654.31	13849.12	0	9247.47	25	230.49	70781.72
elk-115	771915	4998232.5	17	0.08	1.92	447.21	42242.61	1013.04	886	13879.17	0	9796.75	141.42	25	70693.11
elk-115	771879	4998160	17	0.68	1.29	527.38	42171.59	1083.11	946.37	13958.35	0	9803.86	182	90.14	70617.02
elk-115	771208	4998279	17	0.48	2.99	250	42375.26	1683.93	675	13884.1	0	9206.15	25	250	70755.73
elk-115	771763	4998264.5	16	1.29	-0.64	570.64	42278.98	1152.44	831.04	13868.33	0	9663.37	70.71	150	70714.87
elk-115	772818	4999003	20	1.58	2.33	369.12	42881.47	100	0	13127.88	90.14	10178.96	285.04	134.63	71420.54
elk-115	772618	4997701.5	17	1.13	3.02	328.82	41598.69	910.01	1237.44	14415.03	0	10698.16	90.14	530.33	70111.92
elk-115	772658	4998832	17	0.38	0.51	150	42716.07	145.77	125	13307.61	0	10124.23	300	25	71239.6
elk-115	772886	4999207	17	0.78	2.13	525.59	43051.25	285.04	125	12951.18	0	10174.63	261.01	254.95	71599.05
elk-115	773177	4998624.5	17	0.31	3.02	719.81	42440.34	230.49	371.65	13550	0	10701.08	25	167.71	71009.24
elk-115	772975	4998931	20	1.59	-1.97	480.88	42774.15	35.36	0	13225.59	150	10359.11	257.39	25	71326.13
elk-115	772241	4997833.5	17	1.21	-2.84	167.71	41797.28	972.43	1185.33	14279.99	0	10295.78	90.14	145.77	70275.69
elk-115	773182	4998599.5	17	1.22	-3.05	728.87	42415.36	247.49	395.28	13575	0	10714.53	35.36	190.39	70984.27
elk-115	772167	4997923.5	16	0.94	2.75	225	41877.28	976.28	1158.12	14210.23	0	10190.34	160.08	50	70348.68
elk-115	772695	4998702	17	0.01	-0.7	235.85	42588.51	152.07	226.38	13430.96	0	10234.41	235.85	90.14	71116.36
elk-115	772624	4999358.5	13	0	-0.64	553.4	43238.91	460.98	134.63	12782.07	25	9870.47	0	206.16	71765.14
elk-115	772571	4999415.5	13	0.01	-2.91	515.39	43316.54	546.01	160.08	12708.88	90.14	9789.57	0	275	71838.45
elk-115	772575	4999408.5	13	0.01	-2.48	522.02	43291.58	522.02	141.42	12733.86	90.14	9802.1	0	250	71813.46
elk-115	772576	4999415.5	13	0	0.32	515.39	43316.54	546.01	160.08	12708.88	90.14	9789.57	0	275	71838.45
elk-115	772577	4999417.5	13	0	1.23	515.39	43316.54	546.01	160.08	12708.88	90.14	9789.57	0	275	71838.45
elk-115	772581	4999417	13	0	3.14	515.39	43316.54	546.01	160.08	12708.88	90.14	9789.57	0	275	71838.45
elk-115	772577	4999417.5	13	0	-1.7	515.39	43316.54	546.01	160.08	12708.88	90.14	9789.57	0	275	71838.45
elk-115	772577	4999416.5	13	0.01	2.41	515.39	43316.54	546.01	160.08	12708.88	90.14	9789.57	0	275	71838.45
elk-115	772573	4999421	13	NA	NA	515.39	43316.54	546.01	160.08	12708.88	90.14	9789.57	0	275	71838.45
elk-163	777384	4992540	20	5.87	NA	25	36036.88	910.01	0	11127.81	55.9	14687.28	55.9	395.28	64913.95
elk-163	773322	4988298	17	1.22	-2.21	213.6	32195.27	1805.89	4011.23	8864.68	0	10203.06	632.95	1353.01	60692.65
elk-163	774533	4988145	13	0.52	-2.74	180.28	31900.49	1007.78	2848.79	9529.56	103.08	10013.3	0	965.66	60524.84
elk-163	774081	4988411	16	0.17	-2.56	111.8	32196.24	1116.36	3259.6	9605.34	0	10258.81	55.9	1285.5	60775.33
elk-163	774158	4988256	16	0.89	-1.84	125	32042.51	1150.27	3200.1	9645.37	0	10112.37	100	1294.7	60629.3
elk-163	774822	4988845	13	1.51	-3.07	90.14	32563.86	265.75	2479.54	9758.07	25	10717.39	0	627	61218.05
elk-163	773522	4987853.5	17	0.55	-3.1	35.36	31735.28	1895.06	3922.37	8913.61	0	9750.51	270.42	1457.74	60248.82
elk-163	773939	4988143	16	14.61	-2.95	106.07	31955.06	1386.09	3436.57	9404.39	0	10003.78	125	1507.48	60518.33
elk-163	760556	4982279.5	16	2.66	0.01	269.26	31251	1502.08	989	4766.62	0	11777.76	100	525	56648.77
elk-163	757911	4981144	17	11.12	-0.15	498.12	31939.88	707.11	195.26	7616.47	0	11513.14	1006.23	437.32	56335.04
elk-163	749234	4975802.5	19	1.4	-0.9	353.55	33269.38	300	1311.73	16775.17	25	1364.73	0	691.47	80457.23
elk-163	749075	4974416	13	0	3.03	469.71	31874.33	480.23	257.39	16572.21	90.14	2727.75	0	309.23	79909.67
elk-163	749075	4974419	13	0.09	-0.12	447.21	31899.16	496.24	279.51	16570.34	111.8	2704.16	0	316.23	79915.01
elk-163	749064	4974509.5	13	13.84	-1.96	395.28	31970.69	531.51	340.04	16540.03	190.39	2642.21	0	369.12	79906.63
elk-163	735966	4967209.5	13	0.16	-2.97	550	24668.87	246.22	257.39	7731.95	127.48	5764.66	0	602.08	65352.76
elk-163	736108	4967259.5	13	0.05	1.27	525	24707.29	353.55	388.1	7772.15	79.06	5907.89	0	456.21	65504.83
elk-163	736137	4967220.5	13	0.21	-2.52	500.62	24684.74	353.55	403.11	7805.45	50	5917.82	0	427.93	65525.35
elk-163	736133	4967438	13	0.33	-2.14	412.31	24886.2	520.22	378.32	7636.3	145.77	6037.49	0	471.7	65583.33
elk-163	735845	4967247	13	0.28	-2.63	485.41	24710.18	275	145.77	7645.63	152.07	5702.74	0	707.11	65262.46
elk-163	736127	4967268.5	13	0.17	-1.67	492.44	24734.52	388.91	403.11	7760.32	70.71	5941.85	0	436.61	65533.63
elk-163	736100	4967420	13	1.93	-2.07	427.2	24881.53	493.08	328.82	7614.34	190.39	5994.27	0	514.78	65534.04
elk-163	734588	4966215	16	0.37	2.48	269.26	23681.71	716.33	638.85	8138.07	0	4082.36	201.56	190.39	63801.7
elk-163	734681	4966605.5	13	19.71	-2.09	206.16	24061.51	406.97	269.26	7797.64	50	4356.6	0	515.39	63959.8
elk-163	715786	4960995	11	5.74	-3.09	325	13020.87	0	12733.05	4388.98	25	456.21	406.97	304.14	44297.02
elk-163	720901	4962215.5	16	1.03	-3.04	35.36	16138.87	682.83	7467.97	1025.91	0	456.21	1226.02	1733.85	49564.69
elk-163	719884	4962077.5	16	0.43	-1.18	250	15510.42	990.58	8486.94	700.45	0	1011.5	371.65	1733.85	48539.35
elk-163	719768	4961631.5	13	0.14	0.75	127.48	15070.87	1415.32	8725.32	1131.92	25	1328.77	0	1456.24	48332.31
elk-163	719656	4961561	19	4.75	0.4	213.6	14940.72	1355.08	8864.68	1225.77	0	1438.97	55.9	1319.33	48198.46
elk-163	714965	4960807.5	16	0.82	0.67	55.9	12667.4	775	13566.8	5193.51	0	805.06	291.55	403.11	43462.66
elk-163	714188	4961239	16	3.31	2.6	125	12988	579.87	14223.51	5728	0	925	1168.87	276.13	42792.71
elk-163	717224	4961351.5	13	4.53	-3.11	285.04	13771.01	1245.49	11262.02	2964.9	35.36	840.39	0	325	45767.65
elk-163	712690	4961307.5	17	12.77	0.24	555.09	12961.72	309.23	15687.46	7143.57	0	390.51	1125	225	41338.39
elk-163	700268	4964237.5	17	8.17	-0.23	577.17	14288.48	458.94	8063.07	11685.59	0	5748.59	900	318.2	30481.41
elk-163	692097	4964220	16	0.09	1.79	90.14	7972.61	180.28	7794.63	8902.84	0	954.59	1131.92	600	23278.34
elk-163	692115	4964303.5	16	0.7	1.1	25	8040.91	145.77	7717.51	8978.48	0	919.92	1073.55	525	23336.08
elk-163	692904	4964513	17	0.78	3.07	419.08	8749.64	388.1	7200.17	9185.21	0	1219.89	360.56	696.42	24111.82
elk-163	692233	4964280	16	0.23	0.92	70.71	8118.65	55.9	7675.04	8957.85	0	989	977.88	564.03	23434.08
elk-163	692054	4964397.5	1	4.91	2.51	0	8070.39	79.06	7658.49	9077.2	25	816.24	1073.55	425	23340.2
elk-163	696953	4964664	17	0.03	-0.93	371.65	11845.07	269.26	6651.36	10269.4	0	4090.39	1476.48	125	27693.77
elk-163	696967	4964685	17	0.02	-2.68	375	11880.05	302.08	6629.72	10303.31	0	4123.11	1442.65	90.14	27726.72
elk-163	696948	4964674	17	0.18	-1.35	381.61	11860.02	279.51	6626.56	10291.38	0	4113.47	1464.8	106.07	27703.85
elk-163	697001	4964506.5	17	4.82	1.82	235.85	11796.53	304.14	6806.48	10162.09	0	3972.56	1486.61	55.9	27679.6
elk-163	692189	4964253	16	4.77	3.11	55.9	8064.47	100	7721.92	8930.92	0	996.24	1033.5	579.87	23378.21
elk-163	696944	4964658.5	17	0.08	1.04	371.65	11845.07	269.26	6651.36	10269.4	0	4090.39	1476.48	125	27693.77
elk-163	696990	4964593.5	17	0.1	-3.02	282.84	11840.71	301.04	6732.11	10227.66	0	4041.12	1463.09	111.8	27709.49
elk-163	696942	4964682.5	17	9.93	-1.39	381.61	11860.02	279.51	6626.56	10291.38	0	4113.47	1464.8	106.07	27703.85
elk-163	686700	4961403.5	17	11.73	-3.13	618.97	2853.18	1308.63	10273.78	8220.1	0	111.8	425.73	355.32	17196.96
elk-163	696993	4964518	17	0.02	-0.41	257.39	11776.3	279.51	6803.31	10149.94	0	3962.4	1510.17	35.36	27656.66
elk-163	697010	4964532.5	17	0.09	-0.76	250	11811.22	301.04	6781.69	10183.93	0	3995.39	1478.39	70.71	27689.54
elk-163	697020	4964624.5	17	6.84	1.65	305.16	11890.46	333.54	6685.85	10283.51	0	4096.95	1423.46	111.8	27752.41
elk-163	703748	4963353.5	17	0.03	-2.02	79.06	14725.19	125	10222.34	13666.04	0	3995.39	866.75	301.04	33386
elk-163	703741	4963379.5	17	0.03	-2.61	50	14747.9	90.14	10189.46	13658.08	0	4008.19	874.64	301.04	33369.02
elk-163	703733	4963350.5	17	0.06	0.74	55.9	14723.11	100	10212.4	13644.83	0	4018.24	887.76	282.84	33362
elk-163	703680	4963317	17	0.11	2.54	35.36	14691.94	50	10215.67	13589.17	0	4074.08	943.4	230.49	33307
elk-163	703723	4963418	17	0.29	-0.35	25	14797.49	75	10143.59	13684.69	0	3988.5	850	336.34	33383.1
elk-163	703737	4963706	16	0.01	0.27	75	15073.42	201.56	9902.34	13854.26	0	3866.28	735.7	581.49	33485.71
elk-163	703740	4963715	16	0.01	-2.68	75	15073.42	201.56	9902.34	13854.26	0	3866.28	735.7	581.49	33485.71
elk-163	703732	4963707	16	0.25	-0.42	75	15073.42	201.56	9902.34	13854.26	0	3866.28	735.7	581.49	33485.71
elk-163	703642	4963471	11	0.42	2.24	25	14837.66	0	10067.93	13648.17	75	4038.87	896.17	335.41	33325.34
elk-163	703429	4963828.5	19	0.45	0.7	353.55	15187.19	357.95	9644.49	13688.16	0	4107.08	950	564.03	33242.82
elk-163	703503	4964272.5	17	0.19	0.24	673.15	15623.32	325.96	9306.58	14034	0	3888.52	972.43	125	33490.17
elk-163	703577	4964443.5	14	0.61	2.94	831.04	15805.71	141.42	9180.21	14197.03	25	3786.57	930.39	0	33615.55
elk-163	703453	4963846.5	16	0.24	2.88	355.32	15214.73	371.65	9631.33	13722.91	0	4076.23	975.32	534.44	33274.11
elk-163	703440	4964089	17	0	0.52	536.77	15441.12	514.78	9435.11	13871.67	0	3996.95	1006.54	309.23	33365.4
elk-163	703441	4964091	17	5.54	-1.97	536.77	15441.12	514.78	9435.11	13871.67	0	3996.95	1006.54	309.23	33365.4
elk-163	696997	4964500.5	17	0.11	-2.58	235.85	11796.53	304.14	6806.48	10162.09	0	3972.56	1486.61	55.9	27679.6
elk-163	697069	4964449	17	9.8	2.21	158.11	11793.32	371.65	6887.4	10121.26	0	3925.32	1467.35	111.8	27695.81
elk-163	686943	4961234	17	12.79	-0.06	620.99	2728.55	1194	10577.39	7931.15	0	206.16	291.55	450.69	17337.57
elk-163	676003	4957020	17	0.04	2.01	566.79	742.04	585.24	6195.21	10574.14	0	230.49	79.06	450	6098.82
elk-163	676006	4957060.5	17	0.04	2.02	530.33	770.15	538.52	6145.37	10608.72	0	270.42	75	500	6134.18
elk-163	676041	4957040.5	17	0.17	1.99	531.51	735.27	553.4	6168.32	10609.49	0	265.75	100	475	6134.18
elk-163	675907	4956943	19	0.05	1.19	707.11	817.39	704.45	6281.17	10431.98	0	103.08	35.36	382.43	5957.4
elk-163	675862	4956971.5	19	0.13	1.72	691.47	855.13	673.15	6233.98	10448.71	0	150	75	436.61	5975.47
elk-163	675944	4957066.5	17	0.1	-2.79	585.77	832.17	570.64	6151.93	10554.77	0	237.17	106.07	500.62	6081.53
elk-163	675858	4957018.5	19	0.1	2.72	675.46	870.7	651.92	6209.12	10466.14	0	175	100	460.98	5993.38
elk-163	675919	4957100	17	0.11	-3.02	590.02	866.75	561.81	6129.44	10554.29	0	254.95	111.8	527.38	6082.04
elk-163	675845	4957023.5	19	0.15	-2.15	680.07	867.83	645.17	6186.93	10465.72	0	200	127.48	491.17	5994.01
elk-163	676021	4956990.5	17	0.21	2.9	585.77	728.87	608.79	6220.13	10556.9	0	212.13	55.9	425	6081.12
elk-163	675849	4956980	19	0.14	2.59	710.63	835.54	686.48	6236.64	10430.78	0	150	79.06	443	5958.03
elk-163	675964	4957060.5	17	0.01	-1.78	566.79	811.25	559.02	6149.64	10572.72	0	246.22	90.14	500	6099.03
elk-163	675957	4957067	17	0.05	-1.63	566.79	811.25	559.02	6149.64	10572.72	0	246.22	90.14	500	6099.03
elk-163	675929	4957033	17	0.17	-2.78	602.08	818.92	592.66	6176.82	10537.37	0	213.6	100	475.66	6063.67
elk-163	676081	4957119.5	16	0.12	2.32	442.3	743.3	467.04	6089.85	10697.46	0	355.32	55.9	552.27	6222.54
elk-163	676054	4957005.5	17	0.2	1.36	555.09	686.48	594.24	6216.31	10593.19	0	235.85	90.14	425.73	6116.58
elk-163	675858	4957010.5	19	0.11	2.43	675.46	870.7	651.92	6209.12	10466.14	0	175	100	460.98	5993.38
elk-163	675945	4957082	17	0.05	1.44	570.09	845.95	548.86	6127.04	10572.19	0	261.01	90.14	525.59	6099.44
elk-163	675980	4957049	17	0.07	-2.59	565.69	776.61	571.18	6172.37	10573.38	0	235.85	100	475	6098.82
elk-163	675961	4957118.5	17	0.1	1.99	535.02	840.01	514.78	6099.85	10607.54	0	292.62	55.9	550	6134.79
elk-163	676056	4957104	16	0.02	-2.26	477.62	745.82	498.12	6116.58	10662.11	0	320.16	55.9	525.59	6187.18
elk-163	676047	4957119	16	2.9	3.04	459.62	761.99	474.34	6091.64	10679.42	0	340.04	35.36	550.57	6204.89
elk-163	677787	4954802.5	16	0.07	0	424.26	625.5	585.77	8589.42	10491.19	0	75	79.06	325	6138.05
elk-163	677830	4954745.5	16	0.33	0.5	494.97	675	656.22	8645.27	10511.9	0	50	70.71	357.95	6161.02
elk-163	677880	4954416.5	16	0.03	-2.01	763.22	761.58	915.49	8970.82	10386.83	0	35.36	25	335.41	6050.05
elk-163	677901	4954430.5	13	2.54	2.22	776.61	784.62	930.05	8973.99	10409.28	25	25	0	357.95	6073.1
elk-163	677618	4949969.5	26	0.21	3.03	848.9	742.46	270.42	13335.34	8726.29	195.26	25	145.77	0	5134.02
elk-163	677615	4950036	14	1.29	-2	800.39	707.99	246.22	13285.38	8727.29	230.49	25	190.39	0	5120.12
elk-163	676565	4949490.5	26	0.01	0.23	1597.65	840.39	680.07	13734.1	7653.31	25	0	395.28	79.06	4271.42
elk-163	676557	4949488.5	19	4.39	-0.9	1574.21	817.39	660.02	13735.04	7628.32	0	25	403.11	55.9	4248.9
elk-163	674752	4945488	16	0.65	0.51	212.13	664.27	182	17791.01	6871.86	0	103.08	55.9	302.08	3716.52
elk-163	674228	4945103.5	14	0.29	-0.83	158.11	505.59	235.85	18199.67	6564.73	35.36	195.26	141.42	0	3290.14
elk-163	674197	4944819	25	0.04	1.02	200	250	145.77	18508.14	6645.77	125	0	125	75	3319.36
elk-163	674160	4944801.5	25	3.57	-2	175	265.75	125	18512.51	6624.25	100	0	111.8	79.06	3296.21
elk-163	676887	4942496.5	26	0.41	1.49	1875.67	585.77	535.02	20736.82	10128.09	127.48	0	206.16	50	5260.47
elk-163	676646	4942161.5	26	0.01	-0.77	1545.36	704.01	583.1	21072.57	10101.52	225	0	328.82	35.36	4847.81
elk-163	676648	4942147.5	26	0.03	-2.14	1541.51	728.01	604.67	21097.54	10116.88	250	0	347.31	55.9	4833.54
elk-163	676671	4942167.5	26	1.36	1.96	1570.03	711.51	596.34	21071.43	10121.26	225	0	333.54	25	4868.33
elk-163	677109	4940881.5	25	0.09	-2.13	726.72	873.21	691.47	22358.05	11182.58	223.61	0	127.48	305.16	4585.98
elk-163	677167	4940952.5	25	0.96	-1.09	775	928.04	728.87	22306.18	11211.07	279.51	0	152.07	318.2	4673.4
elk-163	676791	4941834.5	25	0.29	0	1627.88	1075.29	500.62	21416.88	10416.57	225	0	25	325	4763.47
elk-163	676677	4942102.5	25	0.26	-2.98	1587.65	766.89	617.45	21120.27	10171.68	276.13	0	302.08	35.36	4860.68
elk-163	676751	4941803	25	2.52	2.77	1598.83	1092.02	527.38	21442.86	10410.39	200	0	25	335.41	4729.23
elk-163	675304	4943865.5	14	1.47	3.08	1179.25	250	348.21	19372.48	8078.4	55.9	167.71	79.06	0	4710.76
elk-163	676683	4942136.5	25	0.09	2.82	1590.99	743.3	627	21095.29	10156.34	251.25	0	325	25	4874.74
elk-163	676646	4942160.5	26	0.31	1.64	1545.36	704.01	583.1	21072.57	10101.52	225	0	328.82	35.36	4847.81
elk-163	676832	4942409	14	12.43	2.85	1813.32	618.97	583.1	20838.5	10145.97	106.07	35.36	212.13	0	5161.4
elk-163	672564	4930728.5	25	0.05	-2.22	2001.56	391.31	509.9	32682.38	15878.44	176.78	0	336.34	125	4815.15
elk-163	672609	4930742.5	26	0.04	-2.45	1952.24	347.31	460.98	32673.43	15836.75	145.77	0	301.04	158.11	4841.55
elk-163	672574	4930757	25	0.04	2.26	1997.65	380.79	515.39	32657.79	15892.23	195.26	0	350	111.8	4793.88
elk-163	672610	4930776	25	0.01	0.67	1948.24	335.41	467.04	32648.83	15850.57	158.11	0	300	158.11	4820.4
elk-163	672618	4930774.5	25	0.02	-1.43	1948.24	335.41	467.04	32648.83	15850.57	158.11	0	300	158.11	4820.4
elk-163	672628	4930804	25	0.13	-2.84	1919.8	302.08	450.69	32619.78	15843.63	134.63	0	276.13	176.78	4812.74
elk-163	672572	4930726.5	25	0.05	-1.83	2005.77	403.11	496.24	32706.97	15864.68	160.08	0	320.16	125	4836.45
elk-163	672630	4930704	25	0.08	-2.15	1961.19	375	445.11	32722.63	15809.17	106.07	0	265.75	111.8	4883.97
elk-163	672618	4930761.5	26	0.02	-2.67	1948.24	335.41	467.04	32648.83	15850.57	158.11	0	300	158.11	4820.4
elk-163	672613	4930743	26	0.1	3.06	1952.24	347.31	460.98	32673.43	15836.75	145.77	0	301.04	158.11	4841.55
elk-163	672631	4930843	26	0.03	-3.05	1913.28	285.04	469.71	32570.58	15871.4	125	0	275	176.78	4770.74
elk-163	672624	4930817.5	25	0.04	-0.12	1916.38	292.62	459.62	32595.18	15857.53	127.48	0	276.13	175	4791.72
elk-163	672618	4930777.5	25	0.07	-0.29	1948.24	335.41	467.04	32648.83	15850.57	158.11	0	300	158.11	4820.4
elk-163	672628	4930706.5	25	0.31	0.71	1961.19	375	445.11	32722.63	15809.17	106.07	0	265.75	111.8	4883.97
elk-163	672460	4930442.5	26	0.25	2.75	2073.19	388.1	443	33000.04	15820.66	75	0	269.26	125	5011.99
elk-163	672515	4930748.5	25	0.16	2.24	1980.06	427.2	564.03	32666.82	15933.95	230.49	0	390.51	70.71	4767.73
elk-163	672597	4930656.5	25	0.04	-1.97	1990.6	410.03	442.3	32751.69	15816.33	111.8	0	270.42	106.07	4892.15
elk-163	672620	4930705	25	0.05	-0.89	1961.19	375	445.11	32722.63	15809.17	106.07	0	265.75	111.8	4883.97
elk-163	672599	4930748.5	25	0.03	2.9	1976.9	369.12	485.41	32677.9	15857.59	160.08	0	318.2	145.77	4828.3
elk-163	672614	4930730.5	25	0.22	0.92	1956.56	360.56	456.21	32698.03	15822.95	125	0	282.84	134.63	4862.74
elk-163	672554	4930468	25	0.4	3.03	2088.06	400	357.95	32957.41	15749.64	25	0	195.26	25	5038.91
elk-163	672588	4930764	25	0.06	-2.64	1972.94	357.95	491.17	32653.3	15871.4	180.28	0	325	134.63	4807.09
elk-163	672556	4930719	25	0.29	-0.29	2023.92	425	512.96	32711.47	15885.57	180.28	0	340.04	100	4823.45
elk-163	672462	4930447	26	0.2	2.93	2059.43	412.31	450.69	32975.45	15834.02	79.06	0	279.51	125	4990.05
elk-163	672492	4930691	26	0.39	-3.04	1990.13	480.88	530.33	32745.11	15913.69	213.6	0	369.12	55.9	4819.23
elk-163	672442	4930472	26	0.01	-2.26	2024.85	443	482.83	32955.43	15868.52	111.8	0	313.25	152.07	4956.12
elk-163	672454	4930478	26	0.31	-0.69	2045.88	436.61	459.62	32950.87	15847.42	90.14	0	291.55	127.48	4968.15
elk-163	672579	4930758.5	25	0.23	2.87	1972.94	357.95	491.17	32653.3	15871.4	180.28	0	325	134.63	4807.09
elk-163	672537	4930474	25	0.5	2.67	2112.02	400.78	380.79	32961.89	15770.72	25	0	215.06	50	5026.55
elk-163	672456	4930712	14	0.11	1.85	1956.56	492.44	565.69	32725.09	15948.29	246.22	0	403.11	25	4785
elk-163	672539	4930716	26	0.71	1.97	2023.92	425	512.96	32711.47	15885.57	180.28	0	340.04	100	4823.45
elk-163	672234	4929881.5	25	0.57	0.4	2213.17	215.06	416.08	33566.74	15783.79	180.28	0	127.48	400	5363.88
elk-163	671844	4929460.5	26	0.78	-3.06	2260.67	302.08	246.22	34040.87	15960.3	480.88	0	201.56	403.11	5589.78
elk-163	672277	4929857	25	2.73	2.89	2265.23	167.71	369.12	33582	15728	160.08	0	90.14	378.32	5406.77
elk-163	670779	4927574.5	25	0.07	-2.73	3412.48	375	514.78	36051.22	16310.22	50	0	55.9	75	6928.65
elk-163	670835	4927611	17	0.07	2.97	3403.12	301.04	436.61	36010.46	16249.25	0	50	55.9	25	7002.86
elk-163	670781	4927561	25	0.11	-2.87	3437.02	382.43	525.59	36075.61	16301.27	35.36	0	79.06	75	6929.51
elk-163	670883	4927613.5	14	0.01	2.6	3414.13	251.25	391.31	35999.63	16202.64	25	75	90.14	0	7012.31
elk-163	670879	4927607	14	0.09	0.74	3408.54	276.13	413.82	36005.04	16225.94	25	75	70.71	0	7007.9
elk-163	670793	4927582	25	0.48	-2.34	3417.33	353.55	492.44	36045.75	16286.88	25	0	50	50	6953.64
elk-163	671212	4927340.5	17	0.51	3.02	3781.04	35.36	474.34	36229.52	15815.2	0	55.9	512.96	25	7364.95
elk-163	670744	4927537.5	25	0	2.28	3432.38	406.97	548.29	36081.1	16324.62	55.9	0	90.14	100	6904.53
elk-163	670746	4927538.5	25	0.1	0.28	3432.38	406.97	548.29	36081.1	16324.62	55.9	0	90.14	100	6904.53
elk-163	670844	4927556.5	14	NA	NA	3451.99	309.23	458.94	36059.27	16231.24	25	50	90.14	0	7004.46
elk-287	776418	4988939.5	17	NA	NA	579.87	32526.16	246.22	883.88	8676.3	0	10987.75	566.79	223.61	61313.26
elk-287	776007	4988037	1	0.21	0.68	0	31675.01	25	1711.18	8485.28	70.71	10003.31	141.42	546.01	60410.07
elk-287	775823	4987944.5	16	0.11	-2.39	103.08	31800.09	55.9	1708.8	8609.19	0	10115.12	50	506.21	60530.8
elk-287	775925	4987914.5	11	0.06	2.19	90.14	31750	0	1634.78	8503.42	50	10087.28	152.07	480.88	60488.77
elk-287	775880	4987879	17	12.22	-1.24	125	31500	141.42	1724.09	8308.58	0	9848.86	325.96	552.27	60241.54
elk-287	779904	4976330.5	16	5.66	0.18	206.16	19844.55	237.17	1900	1113.83	0	5194.05	25	276.13	48913.1
elk-287	780778	4970741.5	1	7.18	0.56	0	14380.74	291.55	3125.9	1922.56	90.14	25	566.79	498.12	43493.86
elk-287	777919	4964153.5	18	5.77	-0.12	992.47	7779.02	35.36	8112.68	1782.03	0	4698	2178.3	410.03	36674.35
elk-287	776261	4958623.5	17	2.57	-0.88	75	2910	427.2	7245.77	3228	0	2960.15	781.42	125	31020.41
elk-287	778057	4955955.5	7	5.15	-0.17	500.62	0	276.13	8679.93	5906.41	35.36	807.77	654.31	111.8	28449.35
elk-287	780741	4953171.5	6	0.07	0.08	680.07	50	0	11616.07	8945.74	111.8	539.68	1643.55	292.62	26054.39
elk-287	780787	4953115.5	7	0.06	1.23	625	0	25	11646.89	9000.87	90.14	553.4	1599.41	335.41	26066.56
elk-287	780758	4953067	7	0.16	2.69	642.75	0	25	11612.76	8995.45	103.08	583.63	1587.65	348.21	26096.85
elk-287	780772	4953224	7	4.17	-1.96	642.75	0	25	11612.76	8995.45	103.08	583.63	1587.65	348.21	26096.85
elk-287	776780	4951987	14	1.64	0.6	772.17	1732.77	160.08	6795.31	9279.28	25	3080.58	206.16	0	25066.97
elk-287	775221	4952474	19	0.25	-1.32	775.4	1773.41	201.56	6895.02	9362.83	0	3056.55	291.55	103.08	24970.09
elk-287	775092	4952263	16	0.71	-2.73	797.26	1464.8	50	7252.97	9203.57	0	2586.14	614.92	230.49	25052.97
elk-287	775672	4952666.5	19	0.09	1.05	1020.11	1520.07	125	7025	9180.31	0	2783.1	477.62	125	25111.05
elk-287	775751	4952629.5	19	0.28	0.02	707.99	1477.33	100	7343.11	9237.15	0	2529.82	694.62	257.39	25009.16
elk-287	775999	4952508.5	19	0.1	-0.73	378.32	1250.25	279.51	7794.43	9252.74	0	2117.34	759.11	206.16	24953.08
elk-287	776095	4952535.5	19	0.19	-2.92	403.89	1350.23	237.17	7710.59	9268.12	0	2209.78	794.51	111.8	24943.16
elk-287	775902	4952524.5	19	0.2	1.53	610.33	1391.49	141.42	7474.79	9179.12	0	2356.11	778.62	158.11	25049.01
elk-287	775882	4952722.5	19	0.14	2.18	665.68	1352.08	134.63	7426.52	9134.58	0	2363.92	725	213.6	25096.61
elk-287	776002	4952655	19	0.11	1.27	536.77	1388.57	125	7572.19	9186.03	0	2268.95	755.81	127.48	25033.2
elk-287	775976	4952531.5	19	0.14	1.77	656.22	1416.2	125	7412.19	9193.1	0	2427.06	730.15	195.26	25042.46
elk-287	775854	4952583.5	13	1.75	1.28	590.02	246.22	325.96	6940.55	7697.56	55.9	2105.35	0	125	26533.76
elk-287	776029	4954180.5	14	4.28	-0.07	79.06	3100.91	494.97	7245.77	3051.64	55.9	2961.42	594.24	0	31214.71
elk-287	776205	4958814	14	0.09	3.05	90.14	3121.3	502.49	7251.59	3027.89	35.36	2956.45	570.09	0	31239.6
elk-287	776210	4958725	16	8.72	-2.74	127.48	10482.52	261.01	7034.2	4831.99	0	3637.48	348.21	1039.83	39542.07
elk-287	779151	4966937.5	19	12.71	0.16	728.87	13428.05	235.85	4025.31	2901.4	0	608.79	125	559.02	42525.58
elk-287	785767	4979012.5	17	6.9	0	410.03	29005.6	530.33	6530.55	1588.24	0	4885.82	25	919.92	57738.32
elk-287	788540	4984050.5	13	0.14	-2.06	475	29100.87	530.33	6512.49	1722.1	35.36	4876.79	0	863.13	57844.1
elk-287	788396	4984052.5	13	0.6	0.66	530.33	29150.39	515.39	6520.59	1811.77	125	4891.45	0	800.39	57902.01
elk-287	787886	4984463	11	4.29	1.02	55.9	33468.09	0	4775.07	4261.82	175	3383.51	150	50	62337.09
elk-287	788410	4988714.5	13	0.8	0.02	75	33614.91	25	4825.06	4439.74	50	3461.57	0	176.78	62492.61
elk-287	788522	4989503.5	13	1.83	0.28	500	34270.55	651.92	4657.59	4921.19	200	3444.65	0	480.88	63148.24
elk-287	789278	4991172	13	1.29	0.2	357.95	36098.41	1454.73	3904.48	6255.45	50	3709.87	0	100	64948.11
elk-287	790036	4992220	17	0.09	2.34	90.14	37312.55	325	3411.84	7151.57	0	3862.72	134.63	364.01	66119.06
elk-287	790051	4992133.5	17	2.89	0.7	158.11	37242.66	360.56	3376.76	7076.59	0	3801.32	70.71	427.93	66047.04
elk-287	788604	4989628	13	0.18	2.07	604.15	34622.86	972.43	4716.59	5269.84	50	3600.35	0	522.02	63509.96
elk-287	788508	4989785.5	17	1	1.43	25	35379.27	805.06	3901.28	5525.68	0	3203.61	100	225	64212.74
elk-287	789286	4990421.5	1	0.07	-0.05	0	35402.63	825.38	3900.72	5550.23	25	3220.44	100	225	64236.79
elk-287	789335	4990465.5	17	0.03	0.01	75	35429.45	784.62	3825.74	5536.53	0	3165.54	25	150	64257.3
elk-287	789360	4990487.5	17	0.02	2.62	75	35476.13	828.02	3825.08	5585.75	0	3200.1	35.36	152.07	64305.38
elk-287	789352	4990464	17	0.02	0.96	35.36	35434.91	832.17	3875.32	5570.12	0	3219.08	75	200	64267.67
elk-287	789330	4990457.5	17	0.13	-2.33	50	35467.18	840.39	3850.08	5590.17	0	3218.11	55.9	176.78	64298.55
elk-287	789440	4990394.5	13	0.03	2.11	176.78	35442.1	715.89	3726.34	5495.11	25	3076.12	0	50	64260.72
elk-287	789415	4990380.5	17	0.11	-0.94	160.08	35395.48	670.82	3728.02	5445.76	0	3041.38	50	55.9	64212.66
elk-287	789402	4990274	13	0.01	0.47	125	35260.86	590.02	3785	5330.87	35.36	2993.85	0	103.08	64078.72
elk-287	789396	4990265	13	17.85	-0.17	106.07	35251.83	605.19	3809.94	5335.26	25	3012.68	0	127.48	64071.84
elk-287	780920	4971230	17	0.27	-0.8	548.29	14969.24	335.41	2638.66	1350.93	0	213.6	553.4	1004.99	44082.2
elk-287	781005	4971018	19	4.46	0.82	480.88	14963.66	195.26	2592.42	1340.01	0	111.8	403.89	945.05	44077.11
elk-287	779104	4966987	16	7.1	-0.16	150	10451.94	225	7077.87	4772.38	0	3686.8	403.11	1020.42	39505.1
elk-287	777155	4960161.5	18	5.94	-0.56	776.61	3848.78	25	8585.6	1650	0	1960.87	605.19	301.04	32571.55
elk-287	778808	4954460	25	0.01	-1.81	190.39	106.07	100	9726.77	7498.88	134.63	0	328.82	90.14	27088.62
elk-287	778815	4954464	26	0.05	-1.63	302.08	213.6	225	9606.02	7482.4	254.95	0	206.16	160.08	27064.09
elk-287	778788	4954505.5	25	0.12	0.57	395.28	225	269.26	9543.85	7330.46	285.04	0	201.56	79.06	27206.45
elk-287	778787	4954624.5	26	0.11	2.44	381.61	225	261.01	9550.03	7355.27	279.51	0	190.39	75	27181.91
elk-287	778857	4954543	26	0.01	1.61	305.16	150	182	9628.9	7389.6	201.56	0	254.95	90.14	27171.91
elk-287	778852	4954539	25	0.23	2.07	477.62	246.22	291.55	9513.84	7206.42	276.13	0	285.04	127.48	27329.13
elk-287	778812	4954763.5	25	0.08	2.04	459.62	223.61	313.25	9538.15	7209.59	251.25	0	301.04	103.08	27333.92
elk-287	778889	4954740	25	0.04	1.06	459.62	223.61	313.25	9538.15	7209.59	251.25	0	301.04	103.08	27333.92
elk-287	778898	4954698	25	0.21	-0.56	336.34	103.08	195.26	9653.01	7297.35	175	0	335.41	35.36	27279.75
elk-287	779046	4954544.5	25	0.1	1.39	160.08	25	25	9786.63	7460.31	50	0	400	35.36	27152.58
elk-287	778987	4954462	25	0.07	-1.48	125	127.48	50	9788	7555.5	125	0	388.1	125	27049.6
elk-287	779043	4954413.5	7	0.23	-2.47	215.06	0	79.06	9768.12	7386.18	70.71	70.71	406.97	25	27226.06
elk-287	779001	4954639	7	1.88	3.08	215.06	0	79.06	9768.12	7386.18	70.71	70.71	406.97	25	27226.06
elk-287	779451	4952812	6	0.12	-0.48	257.39	1122.78	0	10649	9260.3	25	134.63	1035.01	50	25482.21
elk-287	779530	4952721.5	19	0.04	1.53	285.04	1085.41	25	10714.77	9317.49	0	175	1105.1	100	25444.86
elk-287	779501	4952694	19	1.16	-2.55	654.31	167.71	125	11736.83	8951.57	0	226.38	1827.05	195.26	25739.38
elk-287	780645	4952881.5	16	5.03	-0.34	512.96	2537.96	649.04	6908.19	7609.62	0	134.63	605.19	1261.2	29168.33
elk-287	785051	4955303	16	0.11	-2.97	515.39	2504.5	667.08	6943.03	7596.22	0	145.77	602.08	1296.39	29135.89
elk-287	784948	4955268	18	16.54	-2.29	292.62	3499.73	223.61	5965	7702.8	0	25	835.54	403.89	29869.48
elk-287	799244	4946959.5	20	6.92	0.59	637.38	6470.37	570.09	0	8968.87	25	764.85	325.96	316.23	27973.85
elk-287	802266	4940735.5	6	2.45	-0.03	325.96	1216.55	0	5922.89	10062.46	70.71	35.36	1386.09	2142.57	21095.02
elk-287	803397	4938557.5	19	0.41	-0.3	348.21	1209.34	213.6	8353.74	9461.27	0	35.36	1308.63	2737.01	18644.12
elk-287	803683	4938266.5	23	5.69	-0.1	496.24	1730.07	195.26	8722.99	9360.82	50	0	1423.02	2321.23	18363.23
elk-287	808789	4934022.5	17	0.14	-1.38	357.95	436.61	90.14	15255.04	5889.82	0	103.08	391.31	357.95	11919.76
elk-287	808877	4934094.5	17	12.65	1.62	480.88	548.86	100	15255.27	6011.71	0	55.9	460.98	425	11940.79
elk-287	816428	4923951.5	16	0.12	-0.08	675.46	794.12	700.45	27347.04	1400	0	176.78	506.21	103.08	347.31
elk-287	816509	4923860	14	0.04	3	825.38	638.85	550.57	27349.01	1251	25	100	412.31	0	195.26
elk-287	816476	4923888	17	0.05	0.74	680.07	763.22	695.07	27315.57	1375	0	145.77	471.7	75	340.04
elk-287	816469	4923941.5	17	0.05	3.02	700.45	742.04	675.46	27307.92	1350	0	125	450.69	50	320.16
elk-287	816481	4923895	17	0.19	0.8	680.07	763.22	695.07	27315.57	1375	0	145.77	471.7	75	340.04
elk-287	816368	4923710	16	0.24	2.25	660.02	784.62	715.02	27323.25	1400	0	160.08	493.08	100	350
elk-287	816301	4923895	17	0.15	-1.63	700.45	742.04	675.46	27307.92	1350	0	125	450.69	50	320.16
elk-287	816167	4923836.5	14	0.12	-3.14	832.17	630.97	548.29	27317.63	1225.26	50	125	382.43	0	195.26
elk-287	816277	4923884.5	14	4.93	1.56	825.38	638.85	550.57	27349.01	1251	25	100	412.31	0	195.26
elk-287	818318	4919397	14	8.71	-0.3	1286.95	938.42	1276.96	32231.87	1035.01	25	158.11	862.05	0	79.06
elk-287	824102	4912879.5	17	0.08	-2.83	1855.06	250	561.81	40504.82	665.68	0	141.42	279.51	50	75
elk-287	824060	4912976	17	0.12	-1.85	1890.11	247.49	527.38	40472.34	630.97	0	141.42	251.25	35.36	103.08
elk-287	823996	4912923.5	25	0.27	3.12	1944.86	35.36	546.01	40323.88	642.75	79.06	0	134.63	70.71	201.56
elk-287	824204	4913100	7	0.18	-0.01	1909.19	0	612.88	40328.81	711.07	25	55.9	180.28	141.42	141.42
elk-287	824338	4913216	17	0.67	0.08	1767.77	25	1231.36	40232.32	1372.95	0	125	333.54	35.36	225
elk-287	824879	4913615.5	7	0.08	-2.2	1750.18	0	1256.23	40242.15	1397.54	25	106.07	357.95	25	200
elk-287	824806	4913638.5	17	0	-1.41	1820.89	75	1184.54	40189.71	1328.77	0	145.77	292.62	90.14	275
elk-287	824804	4913634.5	17	0.29	-2.35	1640.12	134.63	1200	40285.3	1627.88	0	50	134.63	70.71	25
elk-287	825033	4913708	17	0.6	3.13	1690.6	103.08	1175	40242.46	1583.71	0	50	176.78	125	55.9
elk-287	824462	4913517.5	19	0.74	2.8	1796.7	301.04	975	40099.07	1731.51	0	25	180.28	182	195.26
elk-287	825042	4913975	26	0.25	-1.96	2073.19	425	781.42	39835.73	1621.15	100	0	460.98	450.69	50
elk-287	824821	4914101	26	0.2	-2.67	2130.29	427.93	800.39	39795.93	1532.36	55.9	0	530.33	500.62	55.9
elk-287	824931	4913934	25	0.09	-1.69	1908.04	413.82	825	39951.68	1759.62	111.8	0	325	333.54	127.48
elk-287	824996	4913989	19	0.06	0.89	1927.6	309.23	900.35	39980.29	1638.79	0	25	318.2	305.16	55.9
elk-287	825054	4913978	26	0.05	-3.12	2038.54	400.78	803.51	39868.64	1632.67	79.06	0	425.73	416.08	25
elk-287	825001	4913989	19	0.18	-3.12	2198.01	525.59	697.32	39714.12	1603.51	0	25	585.77	575.54	150
elk-287	825175	4913949.5	25	0.23	1.95	1779.92	353.55	951.31	40096.29	1786.76	55.9	0	182	200	223.61
elk-287	825045	4913759.5	25	0.18	-2.43	1779.92	353.55	951.31	40096.29	1786.76	55.9	0	182	200	223.61
elk-287	825222	4913807	25	0.89	3.09	1637.83	313.25	1104.54	40253.73	1795.13	111.8	0	25	70.71	106.07
elk-287	824373	4913530.5	25	0.82	2.87	2147.82	391.31	910.01	39815.39	1386.77	55.9	0	503.12	450.69	125
elk-287	825060	4913986	25	0.22	2.1	1969.3	357.95	850.37	39934.45	1657.75	25	0	355.32	347.31	25
elk-287	825072	4913764.5	19	0.26	2.77	1948.4	333.54	875.36	39957.37	1648.1	0	25	336.34	325.96	35.36
elk-287	824964	4914000.5	25	1.02	-2.14	2183.03	425	896.17	39782.57	1376.82	25	0	514.78	482.83	152.07
elk-287	824407	4913142.5	26	1.03	2.96	2142.57	475	740.35	39769.94	1600.2	35.36	0	531.51	520.22	103.08
elk-287	824802	4914093	26	0.28	1.6	2130.29	427.93	800.39	39795.93	1532.36	55.9	0	530.33	500.62	55.9
elk-287	825056	4913979	25	1.03	1.89	2147.82	391.31	910.01	39815.39	1386.77	55.9	0	503.12	450.69	125
elk-287	824358	4913216	19	0.86	-2.89	1921.1	279.51	926.35	39993.23	1606.43	0	50	318.2	301.04	55.9
elk-287	825083	4913684.5	25	0.29	-1.08	1706.06	531.51	873.21	40065.57	1960.87	176.78	0	275	335.41	134.63
elk-287	825059	4913977	25	0.32	-2.59	1865.64	313.25	925	40033.21	1700.18	25	0	250	246.22	125
elk-287	824914	4913689	25	0.26	2.78	2147.82	391.31	910.01	39815.39	1386.77	55.9	0	503.12	450.69	125
elk-287	824941	4913944.5	27	0.7	-2.3	1997.03	350.89	853.3	39914.48	1611.87	35.36	35.36	388.91	375	0
elk-287	824371	4913534	19	0.31	2.07	2170.54	550	661.91	39711.15	1659.25	0	25	575.54	570.64	176.78
elk-287	824332	4913841	27	0.37	2.18	1990.76	325	880.7	39927.44	1578.96	35.36	25	388.91	371.65	0
elk-287	824658	4913671	26	0.38	-1.34	2128.67	475	735.7	39779.91	1622.11	55.9	0	515.39	506.21	103.08
elk-287	824905	4913956.5	26	0.09	0.72	2157.11	525	686.48	39734.07	1646.59	25	0	555.09	548.86	152.07
elk-287	824991	4913968.5	26	0.09	1.61	2336.93	637.38	637.38	39582.59	1575.2	90.14	0	726.72	707.11	269.26
elk-287	825000	4913874	26	0.4	1.59	2150.58	452.77	776.21	39772.98	1544.34	35.36	0	548.29	525.59	79.06
elk-287	824599	4913842.5	26	0.14	-0.18	2481.18	715.02	849.26	39510.39	1310.06	134.63	0	632.95	763.22	70.71
elk-287	824464	4913807.5	26	0.34	1.07	2497.62	730.15	866.39	39500.64	1291.56	111.8	0	629.48	776.61	55.9
elk-287	824229	4914058.5	26	0.24	-2.77	2497.62	730.15	866.39	39500.64	1291.56	111.8	0	629.48	776.61	55.9
elk-287	824321	4913832	26	0.75	-1.38	2475.88	707.11	955.25	39550.29	1204.16	50	0	550.57	745.82	100
elk-287	825055	4913973.5	19	0.71	3.02	2230.05	498.12	784.62	39710.4	1470.76	0	25	626.5	564.03	160.08
elk-287	824383	4913755.5	26	0.07	2.41	2316.25	561.81	883.53	39757.74	1068	50	0	325.96	590.02	106.07
elk-287	824416	4913812	25	0.66	1.13	2147.82	391.31	910.01	39815.39	1386.77	55.9	0	503.12	450.69	125
elk-287	825076	4913755	26	0.6	2.82	2457.77	689.66	973.72	39573.32	1187.7	50	0	525.59	726.72	90.14
elk-287	824492	4913613	17	0.45	1.24	2281.58	571.18	807.77	39807.7	986.15	0	25	250	592.66	152.07
elk-287	824251	4913987.5	26	0.58	2.1	2460.31	691.47	903.12	39546.69	1258.22	100	0	579.87	735.27	90.14
elk-287	824929	4914015.5	27	0.66	2.49	1997.03	350.89	853.3	39914.48	1611.87	35.36	35.36	388.91	375	0
elk-287	824508	4913667	17	0.13	1.34	1770.95	25	1181.63	40192.93	1461.59	0	25	301.04	103.08	158.11
elk-287	824386	4913759.5	25	0.44	1.99	2316.38	604.15	794.51	39775.01	977.88	25	0	275	626.5	125
elk-287	824772	4913970	19	0.56	2.51	1955.92	301.04	903.12	39960.33	1592.36	0	25	353.55	336.34	25
elk-287	824573	4913547	25	0.37	2.98	2068.97	301.04	1068	39933.73	1276.96	55.9	0	347.31	340.04	230.49
elk-287	824676	4913906	25	0.46	-1.5	1985.1	300	908.64	39940.43	1546.16	50	0	390.51	371.65	25
elk-287	824245	4914065	26	0.35	-2.44	2457.26	689.66	950.33	39586.68	1152.44	25	0	500	725	55.9
elk-287	824419	4913761.5	17	0.07	1.52	2177.3	474.34	854.4	39905.78	1017.96	0	90.14	182	492.44	246.22
elk-287	824358	4913722	17	0.16	-1.7	2185.46	506.21	798.83	39909.63	962.09	0	125	150	529.74	201.56
elk-287	824464	4913596.5	27	0.32	-3	2457.26	695.07	880.7	39613.48	1081.95	50	35.36	450	726.72	0
elk-287	824296	4913867.5	27	0.2	1.12	2492.61	730.15	875	39580.78	1079.64	35.36	50	475.66	761.99	0
elk-287	824404	4914036.5	26	0.5	1.84	2369.07	601.04	986.15	39661.85	1180.04	111.8	0	456.21	637.38	100
elk-287	824798	4913602	17	0.52	2.65	2185.46	506.21	798.83	39909.63	962.09	0	125	150	529.74	201.56
elk-287	824392	4913747	17	0.07	-1.48	2170.97	491.17	822.34	39919.23	984.89	0	125	152.07	506.21	215.06
elk-287	824361	4913680	19	0.18	-1.25	1927.6	160.08	1133.85	40064.93	1336.27	0	90.14	336.34	201.56	246.22
elk-287	824490	4913559.5	17	0.29	0.8	2191.46	498.12	831.04	39896.15	995.3	0	106.07	176.78	515.39	235.85
elk-287	824496	4913265.5	16	0.05	2.05	2024.85	328.82	946.37	40046.29	1099.15	0	125	134.63	340.04	270.42
elk-287	824453	4913286.5	17	0.62	1.93	1816.76	279.51	1000	40259.73	1131.92	0	134.63	100	261.01	250
elk-287	824904	4913709	25	0.09	2.73	1706.06	531.51	873.21	40065.57	1960.87	176.78	0	275	335.41	134.63
elk-287	824869	4913628.5	7	0.19	-0.62	1769.18	0	1209.34	40206.03	1431.78	25	55.9	328.82	75	176.78
elk-287	824908	4913447.5	17	0.11	2.96	1698.53	134.63	1200	40337.53	1330.88	0	160.08	300	90.14	261.01
elk-287	824865	4913551	26	0.51	-0.79	1643.36	506.21	951.97	40144.25	1961.19	230.49	0	201.56	285.04	201.56
elk-287	824392	4913743.5	17	0.15	0.54	2177.3	474.34	854.4	39905.78	1017.96	0	90.14	182	492.44	246.22
elk-287	824304	4913861.5	25	0.61	2.75	2316.38	604.15	794.51	39775.01	977.88	25	0	275	626.5	125
elk-287	824823	4913549.5	17	0.19	-1.08	1962.94	230.49	1044.33	40085.11	1195.04	0	100	195.26	246.22	357.95
elk-287	824986	4913646	7	0.64	-3.02	1733.85	0	1231.36	40238.86	1451.29	50	55.9	309.23	55.9	150
elk-287	824397	4913389	16	0.07	-2.82	2024.85	328.82	946.37	40046.29	1099.15	0	125	134.63	340.04	270.42
elk-287	824462	4913395	16	NA	NA	1866.31	313.25	851.47	40248.12	977.88	0	75	25	419.08	106.07
elk-363	777410	4992481	20	0.52	NA	50	35987.54	917.2	0	11072.09	25	14646.1	35.36	445.11	64866.77
elk-363	776940	4992261	13	0.3	2.57	424.26	35803.15	412.31	390.51	11098.2	25	14352.37	0	403.11	64645.6
elk-363	777097	4992512	13	0.27	2.87	300	36030.86	660.49	127.48	11233.27	79.06	14614.31	0	213.6	64886.46
elk-363	777022	4992256.5	13	1.69	-0.09	471.7	35779.23	480.88	353.55	11044.51	25	14347.06	0	425.73	64627.92
elk-363	776687	4990604	17	0.2	-2.13	276.13	34150.14	425.73	1610.12	9802.1	0	12661.06	55.9	230.49	62967.69
elk-363	776878	4990675.5	16	1.4	-1.18	182	34226.32	561.81	1604.88	9768.73	0	12785.37	50	390.51	63061.09
elk-363	776935	4992307	13	0.53	-2.58	406.97	35828.15	419.08	375	11120.95	25	14376.59	0	378.32	64670.48
elk-363	776686	4991940	17	0.3	-2.07	536.77	35475.56	195.26	813.17	10923.2	0	13970.35	70.71	467.04	64296.27
elk-363	776982	4991910.5	13	0.29	-2.92	672.68	35428.18	447.21	673.15	10758.05	50	13989.5	0	640.31	64272.32
elk-363	776703	4992004.5	19	0.89	2.36	522.02	35550.71	167.71	743.3	10979.3	0	14049.13	103.08	403.89	64373.25
elk-363	777504	4992402.5	17	0.36	-1.77	125	35915.35	995.3	125	10965.43	0	14602.14	55.9	552.27	64802.51
elk-363	777286	4992682.5	17	2.06	-2.22	160.08	36184.98	908.98	25	11294.97	0	14811.42	160.08	261.01	65055.58
elk-363	776763	4990690	17	0.7	-2.65	247.49	34225.45	447.21	1648.1	9829.8	0	12752.7	125	325	63049.32
elk-363	777240	4991207.5	13	0.72	-0.74	275	34732.05	965.01	1270.09	10029.52	70.71	13376.12	0	933.41	63597.84
elk-363	777241	4991926.5	16	0.59	-1.01	632.46	35432.94	704.01	577.17	10643.37	0	14062.29	55.9	807	64299.32
elk-363	776726	4992254	16	0.78	-2.63	302.08	35800.87	201.56	581.49	11193.33	0	14297.99	90.14	215.06	64624.49
elk-363	777079	4991596	16	0.09	-1.8	436.61	35129.3	670.82	917.2	10454.96	0	13719.44	35.36	750	63981
elk-363	777149	4991657	13	1.22	0.85	514.78	35180.55	710.63	848.9	10467.96	55.9	13787.72	0	826.51	64038.13
elk-363	778358	4991491	16	0.36	-1.55	50	34972.65	1884.81	1346.29	9780.75	0	13776.11	721.11	111.8	63919.49
elk-363	778414	4991849.5	17	1.45	-1.43	212.13	35326.13	1679.47	1113.83	10087.68	0	13811.25	648.56	335.41	64275.89
elk-363	777031	4992273	13	0.37	-0.73	458.94	35804.23	485.41	336.34	11067.32	25	14371.24	0	400.78	64652.8
elk-363	776700	4992118.5	16	0.57	-1.06	403.89	35675.71	150	665.68	11091.58	0	14170.61	125	291.55	64497.72
elk-363	776659	4991550	16	0.71	3.1	195.26	35100.22	340.04	1140.18	10622.65	0	13588.25	158.11	325.96	63915.98
elk-363	776682	4992314	18	0.73	2.84	246.22	35850.71	212.13	583.1	11249.22	0	14340.79	141.42	167.71	64671.98
elk-363	776859	4991673	16	0.53	2.4	437.32	35201.74	458.94	930.39	10610.17	0	13740.18	75	555.09	64036.43
elk-363	776414	4991954	18	0.62	-3.09	525	35525.04	25	999.06	11092	0	13956.76	313.25	371.65	64321.43
elk-363	776922	4991597.5	16	0.34	1.67	400.78	35127.28	540.83	972.75	10520.75	0	13680.3	25	600	63966.52
elk-363	776704	4991342.5	17	1.12	3.11	182	34900.44	512.96	1277.69	10422.24	0	13406.18	106.07	400	63721.41
elk-363	777401	4992216.5	13	1.11	-3.11	325.96	35711.98	850	275	10826.93	25	14375	0	630.97	64590.66
elk-363	776681	4991377.5	17	0.54	-1.48	167.71	34925.32	477.62	1269.35	10456.01	0	13424.35	111.8	375	63744
elk-363	777057	4990994	1	0.63	-3.08	0	34528.62	728.87	1510.38	9939.72	25	13128.24	90.14	750	63378.98
elk-363	776648	4991468.5	16	0.17	-2.73	158.11	35025.22	388.91	1200.26	10556.16	0	13515.41	134.63	340.04	63841.3
elk-363	776703	4991290.5	17	6.73	-0.44	150	34850.32	530.33	1333.46	10389.72	0	13351.59	158.11	375	63669.32
elk-363	780873	4986744.5	17	0.14	-0.59	50	30262.2	492.44	776.61	4438.47	0	10754.8	190.39	369.12	59343.98
elk-363	781007	4986712.5	16	6.84	-2.46	141.42	30229.33	357.95	650	4360.4	0	10800.12	301.04	235.85	59315.18
elk-363	776847	4992141.5	16	0.14	-2.41	469.71	35676.97	300	548.29	11026.81	0	14206.56	25	390.51	64511.68
elk-363	776836	4991991	13	0.7	0.1	592.66	35526.72	292.62	671.75	10902.12	25	14055	0	485.41	64359.99
elk-363	776717	4991297.5	17	3.44	-0.63	160.08	34850.44	548.29	1320.98	10378.01	0	13357.7	134.63	400	63671.63
elk-363	778230	4988210.5	17	0.88	-1.91	35.36	31683.2	1116.36	445.11	6962.85	0	10759.41	395.28	651.92	60623.12
elk-363	778793	4988784	17	0.09	2.74	282.84	32240.24	1151.63	550.57	7146.77	0	11493.39	257.39	559.02	61217.55
elk-363	778758	4988694.5	16	4.09	2.3	302.08	32163.81	1166.19	534.44	7089.6	0	11415.15	180.28	575.54	61139.99
elk-363	776910	4992348.5	16	0.41	-0.73	355.32	35877.82	413.82	369.12	11176.82	0	14418.85	35.36	333.54	64717.88
elk-363	776527	4992497	1	2.02	-2.13	0	36050.08	328.82	642.75	11494.46	25	14501.83	388.91	70.71	64857.62
elk-363	776873	4990673.5	16	2.81	-0.31	213.6	34201.11	548.29	1589.22	9759	0	12754.63	35.36	355.32	63033.82
elk-363	778212	4988198.5	17	0.18	1.51	25	31682.06	1095.73	430.12	6975.72	0	10748.87	416.08	627	60620.18
elk-363	778061	4988105.5	17	0.09	1.37	55.9	31600.73	1025.91	413.82	6990.89	0	10618.2	583.1	475.66	60528.23
elk-363	777992	4988179	1	0.03	-0.37	0	31673.7	938.42	325	7081	25	10666.21	594.24	427.93	60596.99
elk-363	777969	4988190	1	0.1	0.6	0	31672.74	919.92	316.23	7094.45	25	10656.1	617.45	403.11	60594.14
elk-363	777920	4988274.5	1	0.35	2.22	0	31770.82	816.24	206.16	7205.64	134.63	10727.77	637.38	380.79	60687.83
elk-363	778257	4988234	17	0.15	0.9	35.36	31709.32	1118.03	442.3	6971.55	0	10792.65	360.56	675	60650.9
elk-363	778334	4988109.5	16	0.55	-1.45	176.78	31588.05	1255.49	585.77	6825.78	0	10711.91	395.28	751.66	60535.71
elk-363	778834	4988341	19	0.3	-1.1	291.55	31817.73	1415.98	730.15	6752.96	0	11126.69	141.42	831.04	60799.18
elk-363	778844	4988643	16	0.1	-1.11	213.6	32118.72	1256.23	618.47	7012.35	0	11404.5	180.28	665.68	61099.92
elk-363	778752	4988692	16	0.23	1.25	313.25	32162.24	1144.83	509.9	7100.4	0	11403.95	167.71	555.09	61136.84
elk-363	778787	4988898.5	17	0.21	-2.87	180.28	32364.99	1100.28	555.09	7260.21	0	11605.28	371.65	515.39	61341.54
elk-363	778699	4988710	16	0.17	-2.52	269.26	32184.13	1089.15	456.21	7144.67	0	11404.08	176.78	500	61155.36
elk-363	778851	4988795	17	0.62	2.08	285.04	32270.04	1208.3	625	7138.1	0	11549.49	320.16	617.45	61251.88
elk-363	778852	4988179.5	17	0.69	1.58	333.54	31643.11	1538.87	848.53	6596.4	0	10972.07	160.08	965.01	60625.63
elk-363	778164	4988185	17	0.96	1.35	35.36	31654.88	1070.05	425	6980.33	0	10705.2	471.7	575.54	60589.49
elk-363	777963	4989122.5	20	0.14	-3.03	300	32598.97	257.39	0	7865.15	75	11527.28	302.08	201.56	61518.84
elk-363	777977	4988980.5	20	0.56	-0.83	279.51	32474.07	336.34	0	7755.72	200	11411.62	419.08	201.56	61394.64
elk-363	778425	4988645.5	16	2.85	0.08	125	32118.71	901.73	215.06	7223.75	0	11239.72	180.28	325.96	61071.93
elk-363	780560	4986757.5	16	0.59	-0.95	125	30249.07	546.01	711.07	4545.95	0	10579.05	100	325.96	59320.5
elk-363	781133	4986889.5	16	0.17	2.15	55.9	30423.32	353.55	529.74	4501.25	0	10762.81	316.23	292.62	59512.67
elk-363	781072	4986725.5	16	4.09	-1.07	158.11	30264.36	305.16	575.54	4368.71	0	10846.02	336.34	195.26	59352.27
elk-363	783754	4983639.5	17	4.12	-0.54	201.56	27509.65	380.79	3522.25	1640.12	0	9259.76	1130.54	770.15	56608.02
elk-363	788002	4982275	13	6.71	0.05	160.08	27236.25	763.22	7420.12	1438.97	721.11	6332.7	0	925.34	55982.01
elk-363	793752	4980076.5	16	5.88	0.43	553.4	27717.61	973.72	4553.36	4280.19	0	5888.39	25	257.39	55355.82
elk-363	797889	4975896.5	17	0.16	-0.57	50	26494.95	2660.94	2124.26	5870.69	0	7431.23	347.31	35.36	52950.21
elk-363	798042	4975862	17	0.16	3	125	26550.38	2817.47	2012.46	5939.7	0	7439.97	445.11	25	52977.36
elk-363	797884	4975874	17	0.11	2.61	25	26459.8	2650.12	2157.83	5835.34	0	7462.11	313.25	50	52916.36
elk-363	797985	4975924	17	0.31	0.88	90.14	26561.46	2717.19	2046.03	5940.64	0	7387.02	425	50	53007.75
elk-363	798273	4975797	14	0.68	0.51	152.07	26635.06	3052.56	1852.36	6049.48	50	7440.47	371.65	0	53018.92
elk-363	798678	4975255	16	0.09	-2.78	270.42	26422.68	3635.93	1786.76	5950.05	0	7900.71	412.31	630.97	52685.42
elk-363	798654	4975338	16	0.25	0.11	279.51	26481.93	3563.09	1779.22	5990.41	0	7809.65	469.71	535.02	52760.45
elk-363	798611	4975588.5	17	0.14	3.06	200	26655.5	3421.26	1690.04	6126.63	0	7573.72	559.02	336.34	52966.64
elk-363	798647	4975450.5	16	0.77	2.46	251.25	26557.72	3513.63	1744.46	6051.86	0	7712.69	514.78	459.62	52847.75
elk-363	798023	4975908	17	0.25	2.77	111.8	26573.45	2773.08	2012.46	5957.61	0	7398.14	437.32	35.36	53009.46
elk-363	798265	4975842.5	14	0.35	0.64	206.16	26657.7	3008.53	1848.14	6065.53	25	7400.34	335.41	0	53050.83
elk-363	798484	4975565.5	17	0.29	-1.32	79.06	26555.57	3322.09	1811.77	6014.62	0	7630.53	575.54	265.75	52884.17
elk-363	798748	4975683.5	16	0.54	-3.13	350.89	26809.91	3523.58	1522.54	6290.17	0	7464.12	536.77	403.11	53105.14
elk-363	798251	4975469.5	1	0.25	-2.58	0	26353.29	3164.25	2046.03	5794.88	35.36	7765.71	632.46	275	52709.87
elk-363	798502	4975429	16	0.27	-2.7	127.48	26476.46	3404.78	1852.36	5954.25	0	7744.43	626.5	381.61	52786.96
elk-363	798279	4975582	17	0.74	2.16	25	26465.22	3122.7	1969.77	5896.24	0	7638.88	570.09	150	52831.48
elk-363	798964	4975853.5	16	0.29	-0.97	512.96	27070.24	3672.36	1253	6559.39	0	7264.86	570.09	279.51	53345.91
elk-363	799029	4976139.5	16	0.28	-3.05	673.15	27363.17	3671	1040.73	6827.93	0	6950.04	534.44	103.08	53656.51
elk-363	798942	4975871.5	16	0.79	-2.81	548.29	27072.92	3640.05	1263.43	6555.77	0	7246.25	535.02	309.23	53355.49
elk-363	799419	4976499	17	0.82	3.07	250	27870.14	3968.78	531.51	6937.76	0	6551.72	514.78	357.95	54135.78
elk-363	798972	4975808	17	0.03	-1.39	477.62	27032.35	3690.7	1277.69	6528.06	0	7313.56	564.03	275	53302.3
elk-363	798997	4975784.5	17	0.59	1.94	442.3	27029.76	3723.24	1269.35	6532.08	0	7332.33	534.44	250	53292.76
elk-363	798469	4975530	16	0.17	2.85	90.14	26536.48	3334.01	1823.63	5998.54	0	7654.61	600.52	285.04	52862.3
elk-363	798591	4975642	16	0.51	0.45	200	26693.6	3398.9	1666.21	6158.58	0	7525.37	509.9	301.04	53010.36
elk-363	799075	4975788	17	0.13	-0.44	371.65	27095.26	3816.08	1185.33	6610.83	0	7310.82	525	150	53341.85
elk-363	799168	4975872	17	0.81	-0.93	391.31	27201.07	3859.57	1081.67	6716.07	0	7222.06	600	90.14	53444.04
elk-363	799092	4976681.5	16	1.24	-2.55	279.51	27828.85	3642.89	696.42	7252.07	0	6416	425.73	291.55	54163.76
elk-363	798497	4975595.5	17	0.13	-0.79	100	26590.8	3332.42	1777.99	6049.85	0	7599.75	550	265.75	52918.15
elk-363	798535	4975466.5	16	0.26	-2.57	150	26511.71	3414.13	1817.97	5989.42	0	7713.79	614.92	375	52820.95
elk-363	798607	4975714.5	16	0.19	2.33	237.17	26766.97	3389.14	1610.12	6226	0	7446.48	443	270.42	53088.07
elk-363	798704	4975547.5	16	0.25	0.96	304.14	26682.45	3533.06	1629.8	6172.77	0	7597.45	512.96	442.3	52971.63
elk-363	798601	4975324	16	0.06	2.36	250	26430.35	3532.88	1834.39	5935.54	0	7846.18	506.21	527.38	52714.23
elk-363	798579	4975384.5	16	0.16	2.82	190.39	26470.94	3473.11	1833.71	5962.02	0	7779.86	559.02	450.69	52767.56
elk-363	798679	4975259.5	16	0.32	-3.05	270.42	26422.68	3635.93	1786.76	5950.05	0	7900.71	412.31	630.97	52685.42
elk-363	798500	4975530.5	16	0.62	1.69	111.8	26552.65	3355.96	1801.74	6017.73	0	7647.96	600	301.04	52874.41
elk-363	799054	4975807.5	17	2.33	1.17	406.97	27097.75	3783.68	1192.69	6606.48	0	7291.65	550.57	175	53351.34
elk-363	800820	4974286.5	16	0.29	-0.86	781.42	27032.21	2875	480.23	5721.94	0	7912.02	125	564.03	52334.04
elk-363	801103	4974329.5	16	0.29	2.85	505.59	27247.54	2676.4	213.6	5447.76	0	8016.62	25	400	52304.21
elk-363	800838	4974204	16	0.14	1.31	794.51	26980.04	2830.64	475	5737.81	0	7840	100	552.27	52260.55
elk-363	800747	4974311.5	16	2.63	-0.3	831.04	27013.35	2965	514.78	5785.43	0	7939.66	141.42	506.21	52398.07
elk-363	798522	4975721.5	17	0.37	-0.23	145.77	26702.45	3298.67	1700.74	6150.05	0	7472.62	425.73	195.26	53039.64
elk-363	798176	4975840	14	0.37	-2.53	235.85	26610.08	2940.77	1913.44	6011.34	35.36	7423.48	375	0	53014.96
elk-363	798428	4975492	16	2.9	-0.56	50	26466.02	3314.83	1891.59	5928.11	0	7716.26	654.31	302.08	52794.34
elk-363	801117	4974415	13	0.32	1.35	459.62	27334.82	2724.43	158.11	5403.01	70.71	8119.46	0	388.1	52397.43
elk-363	801065	4974096.5	16	0.11	-2.91	626.5	27056.08	2575.12	250	5548.09	0	7787.21	125	503.12	52093.36
elk-363	801108	4974201.5	16	0.34	-1.06	538.52	27161.21	2596.39	200	5475.51	0	7897.82	111.8	419.08	52181.61
elk-363	800897	4974468	17	0.23	2.74	661.91	27208.01	2925.85	325	5614.77	0	8101	111.8	618.47	52490.59
elk-363	801098	4974357.5	13	0.26	0.51	502.49	27264.84	2692.81	206.16	5442.54	25	8040.41	0	400.78	52328.73
elk-363	801233	4974139	17	1.22	1.5	458.94	27200.41	2452.04	75	5372.38	0	7867.06	180.28	335.41	52083.74
elk-363	800001	4973242.5	16	14.12	-0.89	35.36	25707.44	2589.64	1230.09	6100.21	0	6665.07	347.31	336.34	51469.65
elk-363	799436	4962654	17	5.24	-0.59	195.26	18658.64	145.77	2801.79	8379.18	0	442.3	1726.63	180.28	41784.75
elk-363	802107	4958148	18	2.14	0.49	305.16	17766.15	675	1334.17	6630.28	0	2427.06	400.78	1150.27	36608.33
elk-363	802229	4955474	13	6.42	-0.05	400	15392.29	1491.01	79.06	8248.71	55.9	1035.92	0	176.78	34075.01
elk-363	802705	4950692.5	23	9.73	0.52	167.71	11115.67	1220.66	2790.72	9333.04	55.9	0	1985.1	1866.82	29500.22
elk-363	798705	4941819	19	0.65	1.79	862.05	1856.24	79.06	3679.16	10377.65	0	279.51	1686.71	738.24	23757.49
elk-363	798186	4942206.5	16	0.66	2.95	772.17	1732.77	70.71	3319.36	9721.43	0	651.92	1470.76	125	24369.76
elk-363	798781	4941916.5	17	1.33	-2.1	934.08	1979.9	106.07	3576.4	10371.11	0	353.55	1574.21	761.58	23810.32
elk-363	798678	4943243.5	16	0.47	2.87	25	2865.85	158.11	2252.22	9582.57	0	371.65	320.16	425.73	24988.06
elk-363	798838	4942801.5	16	0.26	0.36	318.2	2616.3	70.71	2700	9939.38	0	79.06	691.47	700.45	24529.83
elk-363	798836	4942546	19	1.11	0.79	480.23	2427.06	25	2950	10065.32	0	25	941.41	721.54	24318.27
elk-363	797842	4941582.5	16	0.17	-2.92	901.39	1044.33	250	3983.87	9847.24	0	318.2	1730.79	250	24032.86
elk-363	797952	4941649.5	16	0.32	-2.9	903.12	1168.87	134.63	3888.52	9867.24	0	442.3	1825.17	350.89	24047.48
elk-363	797648	4941553	17	2.46	-3.01	794.12	901.73	357.95	4035	9705.06	0	206.16	1704.59	50	24134.38
elk-363	800670	4942088.5	18	0.93	2.9	460.98	2980.14	70.71	3936.05	10900.11	0	150	1741.05	2553.92	23002.79
elk-363	800035	4941807	19	0.98	0.54	601.04	2790.72	285.04	3918.31	11480.53	0	25	1967.87	1868.32	23069.16
elk-363	798821	4941955.5	17	1.61	1.3	946.37	2033.01	55.9	3550.35	10393.9	0	304.14	1541.51	798.83	23808.99
elk-363	798640	4943152	1	1.51	-2.44	0	2776.01	176.78	2329.83	9582.54	25	357.95	410.03	456.21	24943.46
elk-363	797658	4941543.5	17	0.14	3.09	816.24	883.88	335.41	4059.02	9722.78	0	182	1679.66	50	24112.88
elk-363	797709	4941637.5	17	0.13	1.48	755.81	990.58	325	3949.13	9687.62	0	292.62	1783.61	103.08	24173.46
elk-363	797861	4941572.5	16	0.49	2.64	901.39	1044.33	250	3983.87	9847.24	0	318.2	1730.79	250	24032.86
elk-363	797493	4941535	14	0.03	-2.69	735.27	805.06	313.25	4079.37	9599.77	25	212.13	1700	0	24211.32
elk-363	797519	4941525.5	14	0.31	0.81	766.89	800.39	347.31	4095.42	9635.13	25	182	1675	0	24177.02
elk-363	797624	4941285	25	0.77	1.51	1027.74	675.46	134.63	4313.13	9867.24	50	0	1426.97	160.08	23924.18
elk-363	796827	4940873.5	19	0.02	-0.53	1296.63	75	50	4924.43	9589.09	0	35.36	1103.69	845.95	24067.73
elk-363	796815	4940854.5	19	0.04	2.99	1282.82	75	25	4947.28	9608.66	0	55.9	1079.35	860.23	24046.83
elk-363	796832	4940893.5	19	6.84	-2.95	1310.77	79.06	70.71	4901.59	9569.55	0	25	1128.05	832.17	24088.64
elk-363	792934	4935280	16	0.12	0.47	275	592.66	50	11629.3	3523.58	0	381.61	195.26	100	18198.15
elk-363	792830	4935224.5	14	0.75	-2.04	378.32	506.21	141.42	11725.64	3411.84	25	270.42	90.14	0	18086.74
elk-363	793444	4934792.5	25	0.65	2.9	158.11	701.78	70.71	11833.03	3755.41	50	0	125	335.41	18456.47
elk-363	792838	4935032	13	0.05	-2.53	419.08	325.96	90.14	11893.72	3321.24	35.36	225	0	158.11	18013.61
elk-363	792872	4934980.5	13	0.34	-2.8	403.11	301.04	79.06	11922.51	3322.84	55.9	176.78	0	213.6	18018.96
elk-363	792811	4935228.5	14	0.02	-2.85	403.11	498.12	160.08	11739.3	3389.87	35.36	250	79.06	0	18063.52
elk-363	792810	4935208.5	14	0.39	-0.45	406.97	474.34	176.78	11760.24	3377.96	25	235.85	55.9	0	18054.26
elk-363	792964	4934848.5	13	5.46	-2.16	380.79	257.39	100	12010.02	3333.26	25	50	0	380.79	18036.07
elk-363	796689	4940571	26	1.66	-2.72	1300	320.16	55.9	5236.71	9715	103.08	0	894.43	933.41	23921.64
elk-363	795645	4939894.5	6	4.9	-1.99	1185.59	25	0	6281.17	8644.54	226.38	375	950.33	500	22849.56
elk-363	799771	4937236.5	16	0.1	0.95	103.08	1926.95	50	8312.19	9324.46	0	100	807.77	2285.42	19402.72
elk-363	799776	4937132.5	23	0.18	1.3	226.38	1881.82	111.8	8437.01	9199.8	35.36	0	925	2178.3	19297.83
elk-363	799609	4937077	6	0.18	2.39	320.16	1903.94	0	8454.47	9189.4	50	100	1017.66	2255.27	19372.98
elk-363	799693	4937233	16	0.06	2.66	141.42	1996.25	25	8308.47	9330.19	0	125	838.53	2324.06	19443.51
elk-363	799692	4937174	6	0.17	-1.46	215.06	1992.8	0	8382.31	9257.5	25	70.71	916.86	2274.31	19394.36
elk-363	799860	4937152	19	0.11	2.45	190.39	1820.03	90.14	8416.39	9219.54	0	25	879.28	2161.31	19278.03
elk-363	799765	4937092.5	23	0.18	1.87	254.95	1897.37	100	8460.68	9176.74	25	0	956.88	2170.54	19290.54
elk-363	799720	4937263.5	6	2.52	3.1	106.07	1982.74	0	8284.66	9353.14	25	134.63	805.06	2332.38	19450.87
elk-363	800465	4934855	19	0.24	0.52	797.65	555.09	25	10766.99	6877.23	0	445.11	111.8	728.87	17117.72
elk-363	800414	4934621.5	19	0.22	1.45	875	340.04	100	11011.84	6628.82	0	400.78	25	915.49	16945.39
elk-363	800190	4934642.5	19	0.18	2.36	807.77	254.95	145.77	10945.83	6690.15	0	230.49	50	1068	17120.04
elk-363	800333	4934759	13	0.05	0.53	950.33	403.11	55.9	10856.39	6781.64	50	410.03	0	887.76	17110.62
elk-363	800378	4934766	13	0.04	-2.47	922.29	430.12	25	10860.31	6779.61	50	450.69	0	845.95	17081
elk-363	800344	4934785.5	13	0.27	-1.26	930.05	425	50	10831.46	6806.61	50	425.73	0	874.64	17130.75
elk-363	800144	4934603	16	0.18	-0.18	743.3	200	100	10992.78	6643.84	0	160.08	25	1137.16	17110.32
elk-363	800034	4934459	26	7.3	-0.88	585.23	106.07	103.08	11111.26	6529.98	25	0	111.8	1250	17087.29
elk-363	801423	4928540	16	12.97	-0.18	1119.43	503.12	152.07	17161.37	596.34	0	223.61	250	106.07	12119.23
elk-363	807480	4914671.5	27	0	-0.37	1308.15	1302.16	548.29	32011.69	1368.62	150	158.11	200	1370.45	0
elk-363	807482	4914669.5	27	0.1	-0.1	1330.65	1277.2	530.33	32036.17	1343.97	152.07	134.63	225	1386.09	0
elk-363	807562	4914604.5	27	0.09	2.83	1346.29	1234.15	442.3	32100.36	1309.82	106.07	100	269.26	1475.85	0
elk-363	807477	4914637.5	27	0.03	-2.9	1353.24	1252.25	512.96	32060.66	1319.33	158.11	111.8	250	1402.01	0
elk-363	807499	4914622	27	6.55	1.29	1365.65	1229.07	477.62	32090.2	1299.28	145.77	103.08	275	1437.23	0
elk-363	805328	4908382	17	0.14	1	3325.85	1211.66	427.2	37674.81	1309.82	0	25	2076.35	1386.09	150
elk-363	805194	4908350	25	0.1	-3.11	3475.36	1131.92	325.96	37684.55	1281.11	25	0	2225.56	1431.78	195.26
elk-363	805291	4908370	17	0.1	1.2	3375.83	1231.11	403.89	37669.7	1290.59	0	50	2126.32	1418.19	200
elk-363	805347	4908283.5	17	0.18	1.58	3325.09	1231.11	403.11	37774.28	1402.01	0	25	2075	1310.06	158.11
elk-363	805193	4908185	25	0.1	-2.8	3476.44	1063.6	412.31	37833.82	1338.38	25	0	2225	1285.5	103.08
elk-363	805289	4908207	25	0.05	-2.3	3376.48	1155.96	450	37843.8	1423.46	75	0	2125	1265.9	175
elk-363	805248	4908236	25	3.87	-1.98	3425.36	1129.71	425.73	37789.03	1391.49	25	0	2175	1323.82	167.71
elk-363	804470	4904450	25	0.29	2.8	1328.53	933.41	638.85	41414.75	2733.24	50	0	2118.08	50	90.14
elk-363	804430	4904741	25	2.46	1.65	1607.21	648.56	743.3	41113.75	2433.1	79.06	0	2005.77	167.71	235.85
elk-363	806887	4904890	27	1.97	-3.14	1574.21	1760.15	782.62	41399.71	3503.3	50	127.48	908.98	35.36	0
elk-363	804427	4904750.5	25	0.02	1.01	1607.21	648.56	743.3	41113.75	2433.1	79.06	0	2005.77	167.71	235.85
elk-363	804417	4904764.5	25	0.12	1.59	1631.33	626.5	725	41088.8	2408.45	90.14	0	1996.25	180.28	213.6
elk-363	804520	4904835	26	0.32	1.97	1707.7	640.31	620.99	41045.61	2378.16	25	0	1884.81	180.28	206.16
elk-363	804583	4904522	14	1.03	-1.51	1421.49	939.75	632.46	41373.28	2706.47	79.06	25	1985.1	0	223.61
elk-363	805607	4904664	14	0.15	0.41	1236.93	1472.46	25	41381.83	3018.48	134.63	127.48	1165.39	0	357.95
elk-363	805753	4904624	14	2.83	-0.61	1159.74	1620.38	55.9	41445.91	3141.06	55.9	106.07	1129.44	0	514.78
elk-363	808423	4905567	25	0.12	2.74	1656.8	903.47	485.41	41058.65	3560.64	55.9	0	728.01	583.1	250
elk-363	808333	4905484	26	0.11	3.13	1751.61	863.5	575.54	41116.34	3495.18	125	0	693.27	534.44	357.95
elk-363	808417	4905562.5	25	0.16	2.85	1656.8	903.47	485.41	41058.65	3560.64	55.9	0	728.01	583.1	250
elk-363	808335	4905422.5	26	0.13	-3.1	1750	794.51	575	41190.35	3420.62	125	0	626.5	553.4	380.79
elk-363	808406	4905532	25	0.03	-0.26	1677.98	862.05	502.49	41103.87	3512.83	50	0	687.84	590.02	279.51
elk-363	808414	4905556.5	25	0.09	2.78	1654.73	879.28	480.88	41083.31	3535.71	35.36	0	704.01	596.34	251.25
elk-363	808418	4905466	26	0.06	-0.08	1675.75	814.32	500	41153.2	3463.02	55.9	0	640.8	612.88	292.62
elk-363	808425	4905410	26	0.24	2.78	1650	759.11	475	41206.61	3411.1	55.9	0	585.23	649.04	291.55
elk-363	808312	4905623.5	25	0.28	2.66	1761.39	951.31	548.29	40992.99	3619.48	160.08	0	807.77	471.7	350
elk-363	808508	4905490	19	0.12	-3.01	1576.78	813.94	400.78	41145	3480.75	0	25	637.38	686.48	190.39
elk-363	808402	4905584.5	25	0.01	0.98	1684.12	934.08	515.39	41029.88	3587.57	90.14	0	759.11	548.86	275
elk-363	808403	4905592	25	0.2	-1.05	1684.12	934.08	515.39	41029.88	3587.57	90.14	0	759.11	548.86	275
elk-363	808246	4905713	26	0.33	2.55	1849.49	850	425.73	40882.19	3727.26	270.42	0	929.05	357.95	340.04
elk-363	808571	4905692	26	0.27	1.2	1520.69	917.88	371.65	40985	3569.05	103.08	0	801.56	680.07	111.8
elk-363	808653	4905430.5	19	0	1.32	1425	725	250	41244.07	3330.17	0	35.36	550	853.3	111.8
elk-363	808649	4905428	19	0.01	3.14	1425	725	250	41244.07	3330.17	0	35.36	550	853.3	111.8
elk-363	808653	4905430.5	19	0.01	-2.12	1425	725	250	41244.07	3330.17	0	35.36	550	853.3	111.8
elk-363	808645	4905434.5	19	0.01	1.73	1450	725.43	275	41239.85	3346.73	0	50	550	832.17	134.63
elk-363	808650	4905441.5	19	0.02	-2.69	1425	725	250	41244.07	3330.17	0	35.36	550	853.3	111.8
elk-363	808640	4905436	19	0	0.34	1450	725.43	275	41239.85	3346.73	0	50	550	832.17	134.63
elk-363	808637	4905435.5	19	0	0	1450	725.43	275	41239.85	3346.73	0	50	550	832.17	134.63
elk-363	808637	4905435.5	19	0.01	0	1450	725.43	275	41239.85	3346.73	0	50	550	832.17	134.63
elk-363	808623	4905433.5	19	0.01	2.5	1450	725.43	275	41239.85	3346.73	0	50	550	832.17	134.63
elk-363	808627	4905437.5	19	0.02	0.72	1450	725.43	275	41239.85	3346.73	0	50	550	832.17	134.63
elk-363	808650	4905439	19	0.02	1.29	1425	725	250	41244.07	3330.17	0	35.36	550	853.3	111.8
elk-363	808655	4905425	19	NA	NA	1425	700	251.25	41268.71	3311.44	0	25	525	866.75	111.8